subjID	cue	keyPressed	outcome
23871	2	0	-1
23871	2	1	1
23871	2	1	0
23871	2	1	0
23871	2	1	0
23871	2	1	0
23871	2	1	0
23871	2	0	0
23871	2	1	0
23871	2	0	0
23871	2	1	0
23871	2	0	-1
23871	2	1	0
23871	2	1	0
23871	2	1	0
23871	2	1	0
23871	2	0	-1
23871	2	0	-1
23871	2	1	0
23871	2	0	-1
23871	2	0	0
23871	2	0	-1
23871	2	0	0
23871	2	0	-1
23871	2	1	1
210050	2	1	0
210050	2	0	-1
210050	2	0	0
210050	2	0	-1
210050	2	0	-1
210050	2	1	0
210050	2	0	-1
210050	2	1	0
210050	2	0	-1
210050	2	1	0
210050	2	1	1
210050	2	0	-1
210050	2	0	-1
210050	2	0	-1
210050	2	0	-1
210050	2	1	0
210050	2	0	0
210050	2	0	-1
210050	2	1	0
210050	2	0	-1
210347	2	0	-1
210347	2	1	0
210347	2	1	0
210347	2	0	-1
210347	2	1	0
210347	2	1	0
210347	2	0	-1
210347	2	1	0
210347	2	0	-1
210347	2	1	0
210347	2	1	0
210347	2	0	-1
210347	2	0	0
210347	2	0	0
210347	2	1	1
210347	2	1	0
210347	2	0	-1
210347	2	1	0
210347	2	1	1
210347	2	1	0
210460	2	0	-1
210460	2	1	0
210460	2	0	-1
210460	2	0	-1
210460	2	1	0
210460	2	1	0
210460	2	1	0
210460	2	1	0
210460	2	1	0
210460	2	1	0
210460	2	1	0
210460	2	1	0
210460	2	1	0
210460	2	0	-1
210460	2	1	0
210460	2	1	0
210460	2	1	0
210460	2	1	0
210460	2	1	0
210460	2	1	1
210460	2	1	1
210460	2	1	0
210460	2	0	-1
210460	2	1	0
210460	2	1	0
210483	2	1	0
210483	2	1	0
210483	2	1	0
210483	2	0	-1
210483	2	0	-1
210483	2	0	0
210483	2	0	-1
210483	2	0	-1
210483	2	1	0
210483	2	0	-1
210483	2	0	-1
210483	2	0	-1
210483	2	0	-1
210483	2	1	0
210483	2	1	0
210483	2	0	-1
210483	2	1	0
210483	2	1	0
210483	2	1	0
210483	2	1	0
220109	2	0	-1
220109	2	0	0
220109	2	1	0
220109	2	1	0
220109	2	1	0
220109	2	1	0
220109	2	1	0
220109	2	1	0
220109	2	1	0
220109	2	0	-1
220109	2	1	0
220109	2	0	-1
220109	2	0	-1
220109	2	1	0
220109	2	1	0
220109	2	1	0
220109	2	1	0
220109	2	1	1
220109	2	0	-1
220109	2	1	0
220218	2	1	0
220218	2	0	-1
220218	2	1	0
220218	2	1	0
220218	2	0	-1
220218	2	1	0
220218	2	1	0
220218	2	0	-1
220218	2	1	0
220218	2	0	-1
220218	2	1	0
220218	2	1	0
220218	2	1	0
220218	2	1	1
220218	2	1	0
220218	2	1	0
220218	2	1	0
220218	2	1	0
220218	2	1	0
220218	2	0	-1
220218	2	1	1
220218	2	1	0
220218	2	0	0
220218	2	0	-1
220218	2	1	0
220232	2	1	1
220232	2	0	-1
220232	2	0	-1
220232	2	1	0
220232	2	1	1
220232	2	1	0
220232	2	1	0
220232	2	1	0
220232	2	1	0
220232	2	1	0
220232	2	1	1
220232	2	1	0
220232	2	1	0
220232	2	0	-1
220232	2	1	0
220232	2	1	0
220232	2	1	0
220232	2	1	0
220232	2	1	0
220232	2	1	0
220232	2	1	0
220232	2	1	0
220232	2	1	0
220232	2	1	0
220232	2	1	0
220333	2	0	0
220333	2	1	0
220333	2	1	0
220333	2	1	0
220333	2	1	0
220333	2	1	0
220333	2	1	0
220333	2	1	0
220333	2	1	0
220333	2	1	0
220333	2	1	0
220333	2	1	0
220333	2	1	0
220333	2	1	0
220333	2	1	0
220333	2	1	0
220333	2	0	0
220333	2	1	0
220333	2	1	0
220333	2	1	0
220333	2	1	1
220333	2	1	0
220333	2	1	0
220333	2	1	1
220333	2	1	0
220413	2	1	1
220413	2	1	0
220413	2	1	1
220413	2	1	0
220413	2	1	0
220413	2	1	1
220413	2	1	0
220413	2	1	0
220413	2	1	0
220413	2	1	1
220413	2	1	0
220413	2	1	0
220413	2	1	0
220413	2	1	0
220413	2	1	0
220413	2	1	0
220413	2	1	0
220413	2	1	0
220413	2	0	-1
220413	2	1	0
220413	2	1	0
220413	2	1	0
220413	2	1	0
220413	2	1	0
220413	2	1	0
220519	2	1	0
220519	2	1	0
220519	2	1	0
220519	2	0	-1
220519	2	1	0
220519	2	0	0
220519	2	0	-1
220519	2	1	1
220519	2	0	-1
220519	2	1	1
220519	2	0	-1
220519	2	1	0
220519	2	1	1
220519	2	1	0
220519	2	1	0
220519	2	0	-1
220519	2	1	0
220519	2	1	1
220519	2	0	-1
220519	2	0	-1
220705	2	1	0
220705	2	1	1
220705	2	1	0
220705	2	1	0
220705	2	0	-1
220705	2	1	0
220705	2	1	0
220705	2	0	0
220705	2	1	1
220705	2	1	0
220705	2	0	-1
220705	2	1	0
220705	2	0	-1
220705	2	1	0
220705	2	1	0
220705	2	0	0
220705	2	0	0
220705	2	1	0
220705	2	1	1
220705	2	1	0
220705	2	1	0
220705	2	0	0
220705	2	1	0
220705	2	0	-1
220705	2	1	0
220867	2	1	0
220867	2	1	0
220867	2	0	-1
220867	2	0	-1
220867	2	1	0
220867	2	1	0
220867	2	1	0
220867	2	1	0
220867	2	0	0
220867	2	0	0
220867	2	1	1
220867	2	1	1
220867	2	1	0
220867	2	1	0
220867	2	0	-1
220867	2	0	-1
220867	2	1	0
220867	2	1	0
220867	2	1	0
220867	2	1	0
220867	2	1	0
220867	2	1	0
220867	2	1	0
220867	2	1	0
220867	2	1	0
220867	2	1	0
220867	2	0	-1
220867	2	0	-1
220867	2	1	0
220867	2	1	0
220867	2	1	1
220867	2	1	1
220867	2	0	-1
220867	2	0	-1
220867	2	1	0
220867	2	1	0
220867	2	1	0
220867	2	1	0
220867	2	1	1
220867	2	1	1
220867	2	1	0
220867	2	1	0
220867	2	0	-1
220867	2	0	-1
220867	2	1	0
220867	2	1	0
220867	2	1	1
220867	2	1	1
220867	2	1	0
220867	2	1	0
220910	2	1	0
220910	2	1	1
220910	2	1	0
220910	2	1	0
220910	2	1	0
220910	2	1	0
220910	2	1	0
220910	2	1	0
220910	2	1	0
220910	2	1	0
220910	2	1	1
220910	2	1	0
220910	2	1	1
220910	2	1	0
220910	2	1	0
220910	2	1	0
220910	2	1	0
220910	2	1	1
220910	2	1	0
220910	2	1	1
220910	2	1	0
220910	2	1	1
220910	2	1	0
220910	2	1	0
220910	2	1	0
220933	2	1	0
220933	2	1	1
220933	2	1	0
220933	2	1	0
220933	2	0	0
220933	2	1	1
220933	2	1	0
220933	2	1	0
220933	2	1	0
220933	2	1	0
220933	2	1	0
220933	2	1	0
220933	2	1	1
220933	2	1	1
220933	2	1	0
220933	2	1	0
220933	2	1	0
220933	2	1	0
220933	2	1	0
220933	2	1	0
221013	2	1	0
221013	2	0	0
221013	2	0	0
221013	2	0	-1
221013	2	1	0
221013	2	0	-1
221013	2	1	0
221013	2	1	0
221013	2	1	0
221013	2	1	0
221013	2	1	0
221013	2	0	-1
221013	2	1	1
221013	2	1	0
221013	2	1	0
221013	2	1	0
221013	2	0	-1
221013	2	1	0
221013	2	1	0
221013	2	1	1
221067	2	1	0
221067	2	1	0
221067	2	1	0
221067	2	1	1
221067	2	1	0
221067	2	0	-1
221067	2	0	0
221067	2	1	0
221067	2	1	0
221067	2	1	1
221067	2	0	-1
221067	2	1	0
221067	2	0	0
221067	2	1	0
221067	2	1	0
221067	2	0	-1
221067	2	1	0
221067	2	1	0
221067	2	1	1
221067	2	1	1
221151	2	1	0
221151	2	1	0
221151	2	1	0
221151	2	1	0
221151	2	1	0
221151	2	1	0
221151	2	1	0
221151	2	0	-1
221151	2	1	0
221151	2	1	0
221151	2	1	0
221151	2	1	0
221151	2	1	0
221151	2	1	0
221151	2	1	0
221151	2	1	0
221151	2	1	0
221151	2	1	0
221151	2	1	0
221151	2	1	0
230118	2	0	-1
230118	2	0	-1
230118	2	0	-1
230118	2	1	0
230118	2	0	-1
230118	2	1	0
230118	2	1	0
230118	2	1	0
230118	2	0	-1
230118	2	0	-1
230118	2	0	0
230118	2	0	0
230118	2	0	-1
230118	2	0	-1
230118	2	0	-1
230118	2	0	-1
230118	2	0	-1
230118	2	0	-1
230118	2	0	-1
230118	2	0	0
230118	2	0	-1
230118	2	0	-1
230118	2	0	-1
230118	2	0	0
230118	2	0	0
230227	2	1	0
230227	2	1	0
230227	2	1	1
230227	2	1	0
230227	2	1	0
230227	2	1	0
230227	2	0	-1
230227	2	1	0
230227	2	1	0
230227	2	1	0
230227	2	1	0
230227	2	1	0
230227	2	1	0
230227	2	1	0
230227	2	1	0
230227	2	1	1
230227	2	1	0
230227	2	1	0
230227	2	1	0
230227	2	1	1
230227	2	1	0
230227	2	1	0
230227	2	1	1
230227	2	1	0
230227	2	1	0
230555	2	1	0
230555	2	1	1
230555	2	1	0
230555	2	1	0
230555	2	1	1
230555	2	1	0
230555	2	1	0
230555	2	1	0
230555	2	1	0
230555	2	1	0
230555	2	1	0
230555	2	1	0
230555	2	1	0
230555	2	1	0
230555	2	1	1
230555	2	1	1
230555	2	1	1
230555	2	1	0
230555	2	1	0
230555	2	1	0
230555	2	1	1
230555	2	1	0
230555	2	0	-1
230555	2	1	0
230555	2	1	0
230791	2	0	-1
230791	2	0	-1
230791	2	1	1
230791	2	0	-1
230791	2	0	-1
230791	2	1	0
230791	2	1	0
230791	2	1	0
230791	2	1	0
230791	2	0	0
230791	2	1	0
230791	2	1	0
230791	2	1	0
230791	2	1	1
230791	2	1	0
230791	2	1	0
230791	2	0	-1
230791	2	1	1
230791	2	1	1
230791	2	0	0
230791	2	1	0
230791	2	1	0
230791	2	0	-1
230791	2	0	-1
230791	2	1	0
231016	2	0	0
231016	2	0	-1
231016	2	0	-1
231016	2	0	0
231016	2	0	-1
231016	2	0	-1
231016	2	1	0
231016	2	1	0
231016	2	1	0
231016	2	1	0
231016	2	1	0
231016	2	1	0
231016	2	1	0
231016	2	1	0
231016	2	0	-1
231016	2	1	0
231016	2	0	-1
231016	2	1	0
231016	2	0	-1
231016	2	1	0
231016	2	1	0
231016	2	1	0
231016	2	0	-1
231016	2	1	0
231016	2	0	-1
231146	2	1	0
231146	2	1	0
231146	2	1	0
231146	2	1	1
231146	2	1	0
231146	2	1	0
231146	2	1	0
231146	2	1	0
231146	2	1	0
231146	2	1	0
231146	2	1	0
231146	2	1	0
231146	2	1	0
231146	2	1	1
231146	2	1	0
231146	2	1	0
231146	2	1	0
231146	2	1	0
231146	2	1	0
231146	2	1	0
231146	2	1	0
231146	2	1	0
231146	2	1	0
231146	2	1	0
231146	2	1	1
240135	2	1	0
240135	2	1	0
240135	2	0	0
240135	2	0	0
240135	2	1	0
240135	2	1	0
240135	2	0	-1
240135	2	1	1
240135	2	1	0
240135	2	1	0
240135	2	1	0
240135	2	1	1
240135	2	1	0
240135	2	1	0
240135	2	0	0
240135	2	1	1
240135	2	1	1
240135	2	1	0
240135	2	1	1
240135	2	1	0
240135	2	1	0
240135	2	0	0
240135	2	1	0
240135	2	1	0
240135	2	1	0
240231	2	1	1
240231	2	1	0
240231	2	1	0
240231	2	1	0
240231	2	1	0
240231	2	1	1
240231	2	1	0
240231	2	1	0
240231	2	1	1
240231	2	1	0
240231	2	1	0
240231	2	1	1
240231	2	1	0
240231	2	1	0
240231	2	1	1
240231	2	1	0
240231	2	1	0
240231	2	1	1
240231	2	1	1
240231	2	0	-1
240231	2	1	0
240231	2	1	1
240231	2	1	0
240231	2	1	0
240231	2	1	0
240360	2	1	0
240360	2	1	0
240360	2	1	0
240360	2	1	1
240360	2	1	0
240360	2	1	0
240360	2	1	0
240360	2	1	1
240360	2	1	0
240360	2	1	0
240360	2	1	0
240360	2	1	1
240360	2	1	0
240360	2	1	0
240360	2	1	0
240360	2	1	0
240360	2	1	1
240360	2	1	0
240360	2	1	0
240360	2	1	0
240558	2	1	0
240558	2	0	-1
240558	2	0	0
240558	2	0	0
240558	2	0	-1
240558	2	0	-1
240558	2	1	1
240558	2	1	0
240558	2	1	0
240558	2	1	0
240558	2	1	1
240558	2	0	-1
240558	2	0	-1
240558	2	1	1
240558	2	1	0
240558	2	1	0
240558	2	0	-1
240558	2	1	1
240558	2	1	0
240558	2	1	0
240558	2	1	0
240558	2	1	0
240558	2	1	1
240558	2	1	1
240558	2	1	0
240997	2	1	1
240997	2	0	-1
240997	2	1	0
240997	2	1	0
240997	2	1	0
240997	2	1	0
240997	2	1	0
240997	2	1	1
240997	2	1	0
240997	2	1	0
240997	2	1	1
240997	2	1	0
240997	2	1	0
240997	2	1	0
240997	2	1	0
240997	2	1	0
240997	2	1	0
240997	2	1	0
240997	2	1	0
240997	2	1	1
241014	2	1	0
241014	2	1	0
241014	2	0	-1
241014	2	1	0
241014	2	0	-1
241014	2	1	1
241014	2	1	0
241014	2	1	0
241014	2	0	-1
241014	2	1	0
241014	2	0	-1
241014	2	1	0
241014	2	1	0
241014	2	1	1
241014	2	1	0
241014	2	1	0
241014	2	1	0
241014	2	0	-1
241014	2	1	0
241014	2	0	-1
241039	2	0	-1
241039	2	0	-1
241039	2	0	-1
241039	2	0	-1
241039	2	0	0
241039	2	0	-1
241039	2	0	-1
241039	2	0	-1
241039	2	0	-1
241039	2	0	-1
241039	2	0	-1
241039	2	0	-1
241039	2	1	0
241039	2	0	0
241039	2	0	-1
241039	2	0	-1
241039	2	0	0
241039	2	0	-1
241039	2	0	-1
241039	2	0	-1
241039	2	0	-1
241039	2	0	0
241039	2	0	-1
241039	2	0	-1
241039	2	0	-1
241064	2	1	0
241064	2	1	0
241064	2	1	1
241064	2	1	0
241064	2	0	-1
241064	2	1	0
241064	2	1	0
241064	2	1	0
241064	2	1	1
241064	2	1	0
241064	2	1	0
241064	2	1	1
241064	2	1	0
241064	2	1	0
241064	2	1	0
241064	2	1	0
241064	2	1	0
241064	2	1	1
241064	2	1	0
241064	2	1	0
21111404	2	1	0
21111404	2	1	1
21111404	2	1	1
21111404	2	1	0
21111404	2	1	0
21111404	2	1	0
21111404	2	1	0
21111404	2	1	0
21111404	2	1	1
21111404	2	1	0
21111404	2	1	0
21111404	2	1	0
21111404	2	0	-1
21111404	2	1	1
21111404	2	1	0
21111404	2	1	0
21111404	2	1	1
21111404	2	1	1
21111404	2	1	0
21111404	2	1	0
21111404	2	1	0
21111404	2	1	0
21111404	2	1	0
21111404	2	1	0
21111404	2	1	0
231080107	2	1	0
231080107	2	1	0
231080107	2	1	0
231080107	2	0	-1
231080107	2	0	-1
231080107	2	1	1
231080107	2	1	0
231080107	2	1	1
231080107	2	1	0
231080107	2	1	0
231080107	2	1	0
231080107	2	1	0
231080107	2	1	0
231080107	2	0	0
231080107	2	1	0
231080107	2	1	0
231080107	2	1	0
231080107	2	1	1
231080107	2	1	0
231080107	2	1	0
231080108	2	0	-1
231080108	2	0	-1
231080108	2	0	-1
231080108	2	0	0
231080108	2	0	-1
231080108	2	0	-1
231080108	2	0	-1
231080108	2	0	0
231080108	2	0	-1
231080108	2	0	0
231080108	2	0	-1
231080108	2	0	-1
231080108	2	0	-1
231080108	2	0	-1
231080108	2	0	0
231080108	2	0	-1
231080108	2	1	1
231080108	2	0	0
231080108	2	0	0
231080108	2	0	-1
231080108	2	0	-1
231080108	2	0	-1
231080108	2	0	-1
231080108	2	0	-1
231080108	2	0	-1
241010405	2	0	-1
241010405	2	1	0
241010405	2	1	0
241010405	2	1	0
241010405	2	1	0
241010405	2	1	0
241010405	2	1	0
241010405	2	0	-1
241010405	2	1	0
241010405	2	1	0
241010405	2	1	0
241010405	2	1	0
241010405	2	1	0
241010405	2	1	0
241010405	2	1	0
241010405	2	1	0
241010405	2	1	0
241010405	2	1	0
241010405	2	1	0
241010405	2	0	-1
241010405	2	1	0
241010405	2	1	0
241010405	2	1	0
241010405	2	1	0
241010405	2	1	0
241030014	2	1	1
241030014	2	1	1
241030014	2	1	0
241030014	2	0	-1
241030014	2	1	0
241030014	2	1	0
241030014	2	0	-1
241030014	2	1	0
241030014	2	1	0
241030014	2	1	1
241030014	2	1	0
241030014	2	1	0
241030014	2	1	0
241030014	2	1	0
241030014	2	1	0
241030014	2	1	1
241030014	2	1	0
241030014	2	1	1
241030014	2	1	0
241030014	2	1	0
241030014	2	1	0
241030014	2	1	0
241030014	2	1	0
241030014	2	1	1
241030014	2	1	0
241040010	2	0	-1
241040010	2	1	0
241040010	2	1	1
241040010	2	1	0
241040010	2	1	0
241040010	2	0	-1
241040010	2	1	0
241040010	2	1	0
241040010	2	0	0
241040010	2	0	0
241040010	2	1	0
241040010	2	1	0
241040010	2	0	-1
241040010	2	1	0
241040010	2	0	0
241040010	2	1	1
241040010	2	0	-1
241040010	2	1	0
241040010	2	1	0
241040010	2	0	0
241040010	2	0	0
241040010	2	1	0
241040010	2	1	0
241040010	2	1	0
241040010	2	0	-1
241280001	2	0	-1
241280001	2	1	0
241280001	2	1	0
241280001	2	1	0
241280001	2	1	0
241280001	2	1	1
241280001	2	1	0
241280001	2	1	0
241280001	2	0	-1
241280001	2	1	1
241280001	2	1	1
241280001	2	1	0
241280001	2	1	0
241280001	2	1	0
241280001	2	1	0
241280001	2	1	0
241280001	2	0	-1
241280001	2	1	0
241280001	2	1	0
241280001	2	1	0
241280001	2	1	0
241280001	2	1	0
241280001	2	1	0
241280001	2	1	1
241280001	2	1	0
