subjID	cue	keyPressed	outcome
23871	3	0	0
23871	4	0	1
23871	4	0	1
23871	3	0	0
23871	2	1	0
23871	3	0	0
23871	1	1	1
23871	1	1	0
23871	3	0	0
23871	2	1	0
23871	3	0	0
23871	4	0	1
23871	2	1	1
23871	3	0	0
23871	1	1	0
23871	3	0	1
23871	3	0	1
23871	1	1	1
23871	1	1	1
23871	1	1	1
23871	1	1	1
23871	1	1	1
23871	1	1	1
23871	3	0	0
23871	3	0	1
23871	3	0	0
23871	4	0	0
23871	1	1	1
23871	2	1	0
23871	1	1	1
23871	1	1	1
23871	1	1	1
23871	3	0	1
23871	2	1	0
23871	3	0	1
23871	2	1	1
23871	1	1	1
23871	3	0	0
23871	3	0	0
23871	2	1	0
23871	3	1	-1
23871	2	1	0
23871	4	0	1
23871	3	0	0
23871	1	1	1
23871	3	0	0
23871	2	1	0
23871	4	0	0
23871	3	0	1
23871	1	1	0
23871	4	0	1
23871	3	0	0
23871	3	0	0
23871	1	1	0
23871	1	1	1
23871	2	1	0
23871	1	1	1
23871	3	0	0
23871	1	1	1
23871	2	1	0
23871	3	1	-1
23871	3	0	0
23871	3	0	0
23871	4	0	1
23871	1	1	1
23871	1	1	1
23871	3	0	1
23871	1	1	1
23871	3	0	0
23871	4	0	1
23871	2	1	0
23871	4	0	1
23871	4	0	0
23871	1	1	0
23871	3	0	0
23871	1	1	0
23871	2	1	0
23871	3	0	0
23871	1	1	1
23871	3	0	0
23871	3	0	0
23871	1	1	1
23871	4	0	1
23871	4	0	1
23871	4	0	0
23871	1	1	1
23871	1	1	1
23871	3	0	0
23871	4	0	1
23871	1	1	1
23871	3	0	0
23871	1	1	1
23871	1	1	1
23871	3	0	0
23871	1	1	1
23871	3	0	0
23871	2	1	1
23871	1	1	0
23871	2	1	0
23871	1	1	0
210050	2	0	-1
210050	2	1	0
210050	3	1	-1
210050	3	1	-1
210050	4	1	0
210050	4	1	-1
210050	1	1	1
210050	3	0	1
210050	1	0	0
210050	3	1	-1
210050	1	1	0
210050	3	0	0
210050	1	1	0
210050	4	1	0
210050	2	0	-1
210050	2	1	0
210050	1	1	1
210050	4	1	0
210050	2	1	0
210050	3	1	0
210050	1	1	0
210050	3	1	-1
210050	1	1	1
210050	1	1	0
210050	2	0	-1
210050	3	1	-1
210050	3	0	0
210050	4	0	1
210050	1	1	0
210050	1	0	0
210050	4	1	0
210050	1	1	0
210050	3	0	0
210050	1	1	1
210050	2	1	0
210050	1	0	0
210050	3	1	-1
210050	2	0	-1
210050	3	0	0
210050	2	0	-1
210050	1	0	0
210050	1	1	1
210050	2	1	1
210050	1	0	0
210050	3	1	0
210050	1	0	0
210050	3	1	-1
210050	1	0	0
210050	1	1	1
210050	4	1	0
210050	3	1	-1
210050	3	1	0
210050	3	0	0
210050	3	1	-1
210050	1	1	1
210050	2	0	-1
210050	1	1	1
210050	3	1	0
210050	1	1	0
210050	4	1	0
210050	1	1	1
210050	3	0	0
210050	1	1	1
210050	4	1	0
210050	3	0	0
210050	3	0	0
210050	1	0	0
210050	3	1	0
210050	4	1	0
210050	3	1	-1
210050	3	1	0
210050	1	0	-1
210050	4	1	0
210050	1	1	1
210050	4	1	-1
210050	3	0	1
210050	3	1	-1
210050	2	0	0
210050	3	1	-1
210050	1	1	0
210347	4	0	1
210347	3	0	0
210347	3	0	0
210347	1	1	0
210347	1	1	1
210347	1	1	1
210347	1	1	1
210347	4	1	-1
210347	3	0	0
210347	1	1	1
210347	1	1	1
210347	3	0	0
210347	3	0	0
210347	3	0	0
210347	1	1	1
210347	2	1	0
210347	2	1	0
210347	3	0	0
210347	3	0	0
210347	3	0	0
210347	3	0	1
210347	3	0	0
210347	1	1	1
210347	4	0	0
210347	3	0	0
210347	2	1	0
210347	3	0	0
210347	1	1	1
210347	1	1	1
210347	4	0	1
210347	4	0	1
210347	1	1	1
210347	3	0	0
210347	4	1	0
210347	1	1	0
210347	1	1	0
210347	4	0	1
210347	3	0	1
210347	1	1	1
210347	3	0	0
210347	4	0	1
210347	4	0	1
210347	2	1	0
210347	1	1	1
210347	3	0	0
210347	2	0	-1
210347	1	1	1
210347	2	1	0
210347	1	1	1
210347	3	0	0
210347	1	1	1
210347	4	0	1
210347	1	1	0
210347	2	0	-1
210347	3	1	-1
210347	1	1	1
210347	2	1	0
210347	3	0	0
210347	3	0	0
210347	3	0	0
210347	1	1	1
210347	3	0	0
210347	3	0	0
210347	1	1	1
210347	1	1	1
210347	4	0	1
210347	2	0	-1
210347	1	1	1
210347	1	1	1
210347	3	0	0
210347	4	0	1
210347	3	0	0
210347	2	1	0
210347	2	1	0
210347	3	0	0
210347	3	0	0
210347	2	1	0
210347	1	1	1
210347	1	1	1
210347	1	1	1
210460	1	1	1
210460	1	1	1
210460	3	0	0
210460	3	0	1
210460	2	1	0
210460	3	0	1
210460	3	0	0
210460	3	0	0
210460	2	1	0
210460	3	0	0
210460	1	1	1
210460	1	1	1
210460	4	0	1
210460	1	1	1
210460	3	0	0
210460	1	1	1
210460	1	1	0
210460	1	1	0
210460	4	0	1
210460	3	0	0
210460	3	0	0
210460	4	0	1
210460	1	1	1
210460	3	0	0
210460	3	0	0
210460	1	1	1
210460	3	0	1
210460	3	0	0
210460	1	1	0
210460	4	1	0
210460	2	1	0
210460	1	1	1
210460	3	0	0
210460	2	1	0
210460	4	0	0
210460	4	0	1
210460	1	1	1
210460	3	0	0
210460	1	0	0
210460	3	0	0
210460	4	0	1
210460	3	1	-1
210460	1	1	1
210460	3	0	1
210460	1	1	0
210460	4	0	0
210460	3	0	0
210460	3	0	0
210460	1	1	1
210460	3	0	0
210460	4	0	1
210460	2	1	0
210460	3	0	0
210460	3	0	0
210460	1	1	0
210460	4	0	1
210460	2	0	-1
210460	1	1	1
210460	2	1	1
210460	1	1	0
210460	3	0	0
210460	3	0	0
210460	1	1	1
210460	2	1	1
210460	1	1	1
210460	1	1	0
210460	1	1	1
210460	1	1	0
210460	2	1	0
210460	3	0	0
210460	3	0	1
210460	4	1	0
210460	3	0	1
210460	2	1	1
210460	3	0	1
210460	1	1	1
210460	1	1	1
210460	3	0	0
210460	2	1	1
210460	4	0	1
210460	4	0	1
210460	2	1	0
210460	3	0	1
210460	4	0	1
210460	3	0	0
210460	1	1	1
210460	3	0	0
210460	2	1	0
210460	1	1	0
210460	4	0	0
210460	3	0	0
210460	1	1	1
210460	1	0	0
210460	2	0	0
210460	1	1	0
210460	1	1	1
210460	3	0	0
210460	2	1	0
210460	1	1	0
210460	1	1	1
210483	3	1	-1
210483	2	1	0
210483	2	0	-1
210483	3	1	0
210483	4	1	0
210483	1	1	0
210483	4	1	0
210483	3	1	0
210483	4	1	0
210483	4	1	0
210483	3	1	-1
210483	1	1	0
210483	2	1	0
210483	1	1	1
210483	1	1	1
210483	2	1	0
210483	3	1	-1
210483	3	1	0
210483	1	1	1
210483	3	1	-1
210483	1	0	0
210483	3	1	-1
210483	1	1	0
210483	3	1	-1
210483	2	1	0
210483	2	1	0
210483	4	0	1
210483	2	0	-1
210483	1	1	0
210483	3	1	-1
210483	3	1	0
210483	3	1	-1
210483	1	0	0
210483	4	0	1
210483	1	1	0
210483	1	0	0
210483	1	0	0
210483	1	0	0
210483	1	0	0
210483	1	0	-1
210483	1	0	0
210483	2	1	0
210483	3	1	-1
210483	3	1	-1
210483	1	1	1
210483	4	1	-1
210483	1	0	0
210483	4	1	-1
210483	3	1	-1
210483	1	1	1
210483	2	0	0
210483	3	1	-1
210483	4	0	1
210483	1	0	-1
210483	3	1	0
210483	3	1	-1
210483	3	1	-1
210483	2	1	0
210483	1	1	0
210483	2	1	0
210483	3	1	-1
210483	1	1	0
210483	4	0	0
210483	3	0	1
210483	3	1	-1
210483	4	0	1
210483	1	0	0
210483	2	1	0
210483	1	1	1
210483	3	1	-1
210483	3	1	0
210483	3	1	-1
210483	1	0	0
210483	4	0	1
210483	3	1	-1
210483	1	1	1
210483	3	1	-1
210483	1	1	1
210483	3	1	-1
210483	1	1	1
220109	3	0	0
220109	3	1	-1
220109	3	1	-1
220109	3	1	0
220109	2	1	0
220109	1	1	1
220109	1	1	1
220109	2	1	0
220109	1	1	0
220109	1	1	1
220109	3	1	-1
220109	1	0	0
220109	3	0	1
220109	4	1	0
220109	1	1	1
220109	3	1	-1
220109	2	1	0
220109	1	1	1
220109	4	1	0
220109	4	1	0
220109	3	1	-1
220109	3	1	-1
220109	1	1	1
220109	1	1	1
220109	1	1	1
220109	1	1	1
220109	1	1	1
220109	1	1	1
220109	3	1	-1
220109	3	0	0
220109	1	1	1
220109	4	1	0
220109	1	1	0
220109	3	1	-1
220109	3	1	-1
220109	1	1	1
220109	1	1	0
220109	2	1	1
220109	1	1	1
220109	1	1	1
220109	3	0	0
220109	2	0	-1
220109	3	0	0
220109	1	1	1
220109	3	1	-1
220109	1	0	-1
220109	4	1	0
220109	2	0	-1
220109	1	1	1
220109	3	0	0
220109	4	1	0
220109	4	1	0
220109	4	1	-1
220109	2	1	0
220109	4	0	1
220109	1	0	0
220109	3	0	0
220109	2	1	0
220109	1	1	1
220109	4	1	-1
220109	4	1	0
220109	2	1	0
220109	1	1	0
220109	2	1	0
220109	1	1	0
220109	3	1	-1
220109	3	1	-1
220109	1	0	0
220109	3	0	0
220109	3	1	0
220109	1	1	1
220109	4	1	0
220109	2	1	0
220109	3	1	0
220109	3	1	-1
220109	3	0	0
220109	3	1	0
220109	2	1	0
220109	3	1	0
220109	3	1	-1
220218	3	0	0
220218	3	0	1
220218	1	1	1
220218	2	1	0
220218	1	1	1
220218	2	1	0
220218	2	1	0
220218	3	0	0
220218	3	0	1
220218	1	1	1
220218	3	0	0
220218	3	0	0
220218	4	0	1
220218	3	0	0
220218	2	1	1
220218	1	1	0
220218	3	0	0
220218	3	0	0
220218	1	1	1
220218	1	1	1
220218	4	0	1
220218	1	1	1
220218	3	0	0
220218	1	1	1
220218	3	0	0
220218	1	1	0
220218	1	1	1
220218	3	0	0
220218	1	1	0
220218	4	0	0
220218	1	1	1
220218	2	1	0
220218	4	0	1
220218	1	1	1
220218	4	0	1
220218	3	0	1
220218	1	1	0
220218	1	1	1
220218	3	0	0
220218	4	0	1
220218	4	0	0
220218	3	0	0
220218	2	1	0
220218	1	1	1
220218	4	0	1
220218	1	1	1
220218	3	0	0
220218	1	1	1
220218	1	1	1
220218	4	0	1
220218	1	1	1
220218	4	0	1
220218	3	0	0
220218	3	0	0
220218	2	1	1
220218	2	1	0
220218	3	0	0
220218	3	0	0
220218	3	0	0
220218	1	1	1
220218	3	0	1
220218	4	0	1
220218	1	1	1
220218	1	1	1
220218	1	1	1
220218	3	0	0
220218	2	1	0
220218	1	1	1
220218	1	1	1
220218	4	0	1
220218	4	0	1
220218	1	1	1
220218	4	0	0
220218	2	1	0
220218	3	0	1
220218	2	1	0
220218	3	0	0
220218	1	1	1
220218	3	0	0
220218	1	1	0
220218	3	0	0
220218	2	1	0
220218	3	0	1
220218	1	1	1
220218	4	0	1
220218	2	1	0
220218	3	0	1
220218	3	0	0
220218	1	1	1
220218	2	1	0
220218	1	1	1
220218	1	1	1
220218	3	0	1
220218	3	0	0
220218	2	1	0
220218	3	0	0
220218	3	0	0
220218	3	0	0
220218	1	1	1
220218	1	1	1
220232	4	0	1
220232	3	0	0
220232	2	1	0
220232	3	0	0
220232	1	1	0
220232	1	1	1
220232	1	1	1
220232	2	1	0
220232	1	1	1
220232	3	0	0
220232	3	0	0
220232	3	0	0
220232	3	0	0
220232	1	1	1
220232	4	0	1
220232	2	1	0
220232	1	1	1
220232	3	0	0
220232	4	0	1
220232	3	0	0
220232	1	1	1
220232	4	0	0
220232	1	1	1
220232	1	1	1
220232	3	0	0
220232	2	1	0
220232	1	1	1
220232	3	0	0
220232	3	0	0
220232	3	0	0
220232	3	0	0
220232	2	1	0
220232	1	1	1
220232	3	0	0
220232	3	0	0
220232	3	0	0
220232	1	1	1
220232	1	1	1
220232	2	1	0
220232	3	0	0
220232	1	1	1
220232	4	0	0
220232	1	1	1
220232	2	1	0
220232	3	0	0
220232	3	0	0
220232	3	0	1
220232	3	0	0
220232	3	0	0
220232	1	1	1
220232	1	1	1
220232	3	0	0
220232	1	1	0
220232	2	1	1
220232	2	1	0
220232	1	1	1
220232	2	1	1
220232	2	1	1
220232	4	0	1
220232	4	0	1
220232	1	1	1
220232	3	0	0
220232	2	1	0
220232	4	0	0
220232	3	0	1
220232	1	1	1
220232	2	1	0
220232	4	0	0
220232	3	0	0
220232	3	0	0
220232	1	1	0
220232	1	1	1
220232	3	0	0
220232	2	1	1
220232	1	1	1
220232	3	0	0
220232	1	1	1
220232	3	0	0
220232	3	0	0
220232	3	0	0
220232	4	1	0
220232	3	0	0
220232	1	1	1
220232	4	0	1
220232	1	1	1
220232	3	0	0
220232	1	1	1
220232	4	0	1
220232	1	1	1
220232	3	0	1
220232	4	0	1
220232	1	1	0
220232	1	1	1
220232	4	0	0
220232	1	1	1
220232	1	1	1
220232	1	1	1
220232	4	0	1
220232	1	1	1
220232	2	1	0
220333	4	1	0
220333	3	1	-1
220333	3	1	-1
220333	3	1	-1
220333	3	1	0
220333	1	1	1
220333	1	1	1
220333	3	1	-1
220333	2	1	0
220333	1	1	1
220333	2	1	0
220333	4	1	-1
220333	3	1	0
220333	3	1	-1
220333	3	1	0
220333	4	1	0
220333	2	1	1
220333	3	1	0
220333	3	1	-1
220333	1	1	1
220333	3	1	-1
220333	4	1	-1
220333	4	1	0
220333	3	1	-1
220333	4	1	0
220333	4	1	0
220333	3	1	0
220333	2	1	0
220333	3	1	-1
220333	1	1	1
220333	3	1	0
220333	1	1	1
220333	1	1	1
220333	2	1	1
220333	1	1	1
220333	3	1	-1
220333	1	1	1
220333	3	1	-1
220333	1	1	1
220333	3	1	-1
220333	3	1	-1
220333	1	1	1
220333	1	1	1
220333	1	1	1
220333	1	1	0
220333	1	1	0
220333	4	1	0
220333	2	1	0
220333	1	1	1
220333	2	1	1
220333	3	1	-1
220333	3	1	-1
220333	4	1	0
220333	3	1	-1
220333	1	1	1
220333	1	1	1
220333	3	1	-1
220333	1	1	1
220333	1	1	0
220333	3	1	-1
220333	2	1	0
220333	3	1	-1
220333	2	1	0
220333	4	1	0
220333	1	1	1
220333	4	1	0
220333	2	1	0
220333	3	1	-1
220333	3	1	-1
220333	2	1	0
220333	3	1	-1
220333	3	1	0
220333	2	1	1
220333	1	1	0
220333	3	1	-1
220333	1	1	1
220333	4	1	0
220333	3	1	-1
220333	2	1	0
220333	1	1	1
220333	1	1	1
220333	1	1	0
220333	3	1	-1
220333	1	1	1
220333	4	1	0
220333	1	1	1
220333	3	1	-1
220333	1	1	1
220333	3	1	-1
220333	4	1	-1
220333	1	1	1
220333	4	1	-1
220333	1	1	0
220333	1	1	1
220333	1	1	1
220333	3	1	0
220333	1	1	1
220333	2	1	1
220333	2	1	0
220333	1	1	1
220413	3	0	0
220413	1	1	1
220413	4	0	1
220413	3	0	1
220413	1	1	1
220413	4	0	1
220413	3	0	1
220413	3	0	0
220413	1	1	1
220413	1	1	1
220413	3	0	1
220413	3	0	0
220413	3	0	0
220413	4	0	1
220413	3	0	0
220413	1	1	1
220413	1	1	0
220413	3	0	1
220413	4	0	1
220413	1	1	1
220413	1	1	1
220413	3	0	0
220413	1	1	1
220413	1	1	1
220413	3	0	1
220413	1	1	1
220413	3	0	1
220413	1	1	1
220413	2	1	1
220413	4	0	1
220413	3	0	0
220413	1	1	1
220413	3	0	0
220413	1	1	1
220413	2	1	0
220413	1	1	1
220413	2	1	0
220413	4	0	1
220413	3	0	0
220413	3	0	0
220413	1	1	0
220413	3	0	0
220413	1	1	1
220413	2	1	0
220413	1	1	1
220413	3	0	0
220413	1	1	1
220413	1	1	0
220413	1	1	1
220413	4	0	1
220413	1	1	1
220413	1	1	1
220413	3	0	0
220413	1	1	0
220413	2	1	1
220413	3	0	0
220413	4	0	0
220413	2	1	0
220413	3	0	1
220413	3	0	1
220413	1	1	0
220413	2	1	1
220413	3	0	0
220413	1	1	1
220413	3	0	0
220413	2	1	1
220413	4	0	1
220413	1	1	1
220413	4	0	1
220413	1	1	0
220413	2	1	1
220413	4	0	0
220413	1	1	1
220413	2	1	1
220413	2	1	0
220413	4	0	1
220413	3	0	0
220413	3	0	0
220413	4	0	0
220413	2	1	0
220413	3	0	0
220413	1	1	1
220413	1	1	1
220413	1	1	1
220413	3	0	0
220413	2	1	0
220413	4	0	1
220413	3	0	0
220413	2	1	1
220413	1	1	1
220413	3	0	0
220413	3	0	0
220413	1	1	0
220413	3	0	1
220413	3	0	0
220413	4	0	1
220413	1	1	0
220413	3	0	0
220413	3	0	0
220413	2	1	0
220519	3	0	0
220519	3	0	0
220519	1	1	1
220519	3	0	0
220519	3	0	0
220519	3	0	0
220519	2	1	0
220519	2	1	0
220519	4	0	1
220519	1	1	1
220519	2	1	0
220519	1	1	1
220519	3	0	0
220519	1	1	1
220519	3	0	0
220519	4	0	1
220519	1	1	1
220519	1	1	1
220519	4	0	1
220519	4	0	1
220519	1	1	1
220519	4	0	1
220519	1	1	0
220519	3	0	0
220519	4	0	0
220519	1	1	0
220519	4	0	1
220519	1	1	0
220519	3	0	0
220519	1	1	1
220519	3	0	0
220519	3	0	0
220519	2	1	0
220519	1	1	1
220519	4	0	0
220519	3	0	0
220519	3	0	0
220519	1	1	0
220519	1	1	1
220519	1	1	1
220519	3	0	1
220519	3	0	0
220519	3	0	0
220519	3	0	1
220519	3	0	0
220519	3	0	1
220519	1	1	1
220519	3	0	0
220519	1	1	0
220519	2	1	0
220519	2	1	0
220519	4	0	1
220519	3	0	0
220519	1	1	1
220519	1	1	0
220519	2	1	1
220519	1	1	0
220519	3	0	1
220519	2	1	0
220519	1	1	1
220519	2	1	0
220519	1	1	1
220519	2	1	1
220519	3	0	0
220519	1	1	1
220519	3	0	0
220519	3	0	0
220519	1	1	0
220519	1	1	1
220519	4	0	0
220519	4	0	1
220519	1	1	0
220519	3	0	0
220519	3	0	1
220519	1	1	1
220519	2	1	0
220519	2	1	0
220519	1	1	1
220519	4	0	1
220519	3	0	0
220705	3	0	0
220705	2	1	0
220705	1	1	1
220705	1	1	1
220705	1	1	0
220705	1	1	1
220705	2	1	0
220705	1	1	1
220705	1	1	1
220705	2	1	0
220705	2	1	1
220705	3	0	0
220705	3	0	0
220705	1	1	1
220705	3	0	0
220705	4	0	1
220705	3	0	0
220705	1	1	0
220705	1	1	1
220705	3	0	1
220705	1	1	1
220705	2	1	0
220705	1	1	0
220705	1	1	1
220705	2	1	0
220705	1	1	1
220705	3	0	0
220705	3	0	1
220705	3	0	0
220705	2	1	0
220705	1	1	1
220705	3	0	1
220705	3	0	0
220705	4	0	1
220705	3	0	0
220705	3	0	0
220705	3	0	0
220705	4	0	1
220705	1	1	1
220705	4	0	1
220705	2	1	0
220705	3	0	1
220705	3	0	0
220705	1	1	1
220705	2	1	0
220705	4	0	1
220705	1	1	1
220705	3	0	0
220705	3	0	0
220705	2	1	0
220705	3	0	0
220705	4	0	1
220705	1	1	0
220705	4	0	1
220705	3	0	0
220705	1	1	1
220705	4	0	0
220705	1	1	1
220705	2	1	0
220705	3	0	0
220705	3	0	0
220705	3	0	0
220705	3	0	0
220705	1	1	1
220705	1	1	1
220705	1	1	1
220705	1	1	0
220705	1	1	1
220705	3	0	0
220705	1	1	1
220705	4	0	1
220705	2	1	1
220705	1	1	1
220705	3	0	0
220705	2	1	1
220705	2	1	0
220705	3	0	0
220705	1	1	1
220705	3	0	1
220705	3	0	0
220705	4	0	0
220705	3	0	0
220705	4	0	1
220705	4	0	1
220705	1	1	0
220705	4	0	0
220705	3	0	0
220705	4	0	1
220705	1	1	1
220705	1	1	1
220705	1	1	0
220705	1	1	1
220705	3	0	0
220705	3	0	0
220705	1	1	1
220705	3	0	0
220705	2	1	1
220705	4	0	1
220705	1	1	1
220705	3	0	1
220867	1	1	1
220867	1	1	1
220867	4	0	0
220867	4	0	0
220867	1	1	1
220867	1	1	1
220867	4	0	0
220867	4	0	0
220867	3	0	0
220867	3	0	0
220867	1	1	1
220867	1	1	1
220867	1	1	1
220867	1	1	1
220867	4	0	1
220867	4	0	1
220867	1	1	0
220867	1	1	0
220867	3	0	0
220867	3	0	0
220867	2	1	0
220867	2	1	0
220867	3	0	0
220867	3	0	0
220867	1	1	1
220867	1	1	1
220867	1	1	1
220867	1	1	1
220867	2	1	0
220867	2	1	0
220867	3	0	0
220867	3	0	0
220867	3	0	0
220867	3	0	0
220867	1	1	1
220867	1	1	1
220867	2	1	0
220867	2	1	0
220867	3	0	0
220867	3	0	0
220867	3	0	0
220867	3	0	0
220867	4	0	0
220867	4	0	0
220867	2	1	0
220867	2	1	0
220867	1	1	1
220867	1	1	1
220867	3	0	0
220867	3	0	0
220867	3	0	0
220867	3	0	0
220867	3	0	0
220867	3	0	0
220867	3	0	0
220867	3	0	0
220867	4	0	1
220867	4	0	1
220867	2	1	0
220867	2	1	0
220867	2	1	1
220867	2	1	1
220867	1	1	1
220867	1	1	1
220867	1	1	1
220867	1	1	1
220867	4	0	0
220867	4	0	0
220867	4	0	0
220867	4	0	0
220867	1	1	1
220867	1	1	1
220867	1	0	0
220867	1	0	0
220867	3	0	1
220867	3	0	1
220867	3	0	0
220867	3	0	0
220867	3	0	0
220867	3	0	0
220867	4	0	1
220867	4	0	1
220867	1	1	1
220867	1	1	1
220867	2	1	0
220867	2	1	0
220867	3	0	0
220867	3	0	0
220867	3	0	0
220867	3	0	0
220867	2	1	0
220867	2	1	0
220867	1	1	1
220867	1	1	1
220867	3	0	0
220867	3	0	0
220867	2	1	0
220867	2	1	0
220867	1	1	1
220867	1	1	1
220867	1	1	1
220867	1	1	1
220867	3	0	1
220867	3	0	1
220867	1	1	1
220867	1	1	1
220867	3	0	0
220867	3	0	0
220867	1	1	1
220867	1	1	1
220867	3	0	0
220867	3	0	0
220867	3	0	0
220867	3	0	0
220867	1	1	0
220867	1	1	0
220867	3	0	0
220867	3	0	0
220867	1	1	1
220867	1	1	1
220867	4	0	1
220867	4	0	1
220867	3	0	0
220867	3	0	0
220867	1	1	1
220867	1	1	1
220867	2	1	0
220867	2	1	0
220867	2	1	1
220867	2	1	1
220867	4	0	1
220867	4	0	1
220867	2	1	0
220867	2	1	0
220867	4	0	1
220867	4	0	1
220867	1	1	1
220867	1	1	1
220867	1	1	1
220867	1	1	1
220867	1	1	1
220867	1	1	1
220867	1	1	0
220867	1	1	0
220867	4	0	1
220867	4	0	1
220867	3	0	0
220867	3	0	0
220867	3	1	-1
220867	3	1	-1
220867	4	0	1
220867	4	0	1
220867	3	0	0
220867	3	0	0
220867	4	0	0
220867	4	0	0
220867	1	1	1
220867	1	1	1
220867	1	1	1
220867	1	1	1
220867	3	0	0
220867	3	0	0
220867	1	1	1
220867	1	1	1
220867	1	1	1
220867	1	1	1
220867	3	0	0
220867	3	0	0
220867	3	0	0
220867	3	0	0
220867	3	0	0
220867	3	0	0
220867	3	0	0
220867	3	0	0
220867	1	1	1
220867	1	1	1
220867	3	0	0
220867	3	0	0
220867	2	1	0
220867	2	1	0
220867	1	1	1
220867	1	1	1
220867	1	1	1
220867	1	1	1
220867	4	0	1
220867	4	0	1
220867	1	1	1
220867	1	1	1
220867	2	1	1
220867	2	1	1
220867	3	0	1
220867	3	0	1
220867	3	0	0
220867	3	0	0
220867	2	1	0
220867	2	1	0
220867	3	0	0
220867	3	0	0
220867	1	1	1
220867	1	1	1
220910	1	1	1
220910	2	1	0
220910	4	0	1
220910	1	1	1
220910	1	1	0
220910	4	0	0
220910	1	1	0
220910	1	1	1
220910	3	0	0
220910	1	1	1
220910	1	1	1
220910	3	0	0
220910	3	0	0
220910	4	0	1
220910	4	0	1
220910	3	0	1
220910	3	0	0
220910	3	0	0
220910	3	0	0
220910	1	1	1
220910	3	0	0
220910	2	1	0
220910	1	1	1
220910	2	1	1
220910	3	0	0
220910	3	0	0
220910	3	0	0
220910	1	1	1
220910	4	0	1
220910	3	0	0
220910	4	0	1
220910	3	0	0
220910	4	0	1
220910	3	0	0
220910	3	0	0
220910	1	1	0
220910	3	0	0
220910	1	1	0
220910	3	0	0
220910	1	0	-1
220910	2	1	0
220910	1	1	1
220910	1	1	1
220910	1	1	0
220910	2	1	1
220910	4	0	1
220910	3	0	0
220910	1	1	1
220910	1	1	1
220910	2	1	0
220910	3	0	1
220910	2	1	1
220910	2	1	1
220910	3	0	0
220910	3	0	0
220910	1	1	1
220910	2	1	0
220910	1	1	1
220910	1	1	0
220910	3	0	0
220910	2	1	1
220910	1	1	1
220910	3	0	0
220910	4	0	1
220910	1	1	0
220910	3	0	0
220910	4	0	1
220910	2	1	0
220910	1	1	1
220910	2	1	0
220910	4	1	-1
220910	2	1	0
220910	1	1	1
220910	3	0	0
220910	3	0	0
220910	3	0	1
220910	3	0	0
220910	2	1	0
220910	1	1	1
220910	3	0	1
220910	3	0	0
220910	3	0	0
220910	1	1	1
220910	1	1	1
220910	4	0	1
220910	2	1	0
220910	1	1	1
220910	4	0	1
220910	1	1	1
220910	1	1	1
220910	1	1	0
220910	1	1	1
220910	3	0	0
220910	3	0	0
220910	4	0	0
220910	1	1	1
220910	1	1	1
220910	4	1	-1
220910	3	0	0
220910	3	0	0
220933	3	0	0
220933	3	0	0
220933	1	1	1
220933	3	0	0
220933	1	1	1
220933	3	0	0
220933	4	0	1
220933	1	1	1
220933	1	0	0
220933	3	0	0
220933	1	1	1
220933	3	0	0
220933	4	0	1
220933	1	1	1
220933	3	0	0
220933	4	0	1
220933	1	1	1
220933	2	1	0
220933	1	1	0
220933	3	0	0
220933	3	0	0
220933	1	1	1
220933	2	1	0
220933	4	0	1
220933	4	0	1
220933	4	0	1
220933	2	1	0
220933	3	0	0
220933	4	0	0
220933	3	0	0
220933	4	0	1
220933	2	1	0
220933	3	0	0
220933	3	0	0
220933	2	1	1
220933	1	1	0
220933	1	1	1
220933	1	1	1
220933	4	0	1
220933	1	1	1
220933	3	0	1
220933	1	1	1
220933	1	1	1
220933	1	1	1
220933	2	1	0
220933	3	0	0
220933	1	1	1
220933	1	1	1
220933	3	0	0
220933	1	1	0
220933	3	0	0
220933	3	0	0
220933	3	0	1
220933	1	1	0
220933	4	0	1
220933	4	0	1
220933	2	1	0
220933	2	1	0
220933	3	0	1
220933	3	0	0
220933	1	1	0
220933	3	0	1
220933	3	0	0
220933	1	1	1
220933	2	1	1
220933	2	1	0
220933	3	0	0
220933	2	1	0
220933	1	1	1
220933	1	1	1
220933	1	1	1
220933	3	0	0
220933	2	1	0
220933	3	0	0
220933	3	0	0
220933	1	1	1
220933	1	1	1
220933	1	1	0
220933	3	0	0
220933	4	0	1
221013	3	1	-1
221013	3	1	0
221013	1	1	0
221013	1	1	0
221013	3	1	-1
221013	2	1	0
221013	3	1	-1
221013	4	1	-1
221013	1	1	1
221013	1	1	1
221013	1	1	0
221013	1	0	-1
221013	1	1	1
221013	3	1	-1
221013	3	1	-1
221013	2	0	-1
221013	1	1	1
221013	3	0	0
221013	2	1	0
221013	3	1	-1
221013	4	1	0
221013	3	1	-1
221013	3	1	-1
221013	3	1	-1
221013	4	1	0
221013	1	1	1
221013	4	1	0
221013	3	1	0
221013	3	1	-1
221013	3	1	-1
221013	4	1	0
221013	1	1	1
221013	3	1	0
221013	3	1	-1
221013	4	1	0
221013	1	1	1
221013	1	1	1
221013	2	1	0
221013	3	1	-1
221013	3	1	-1
221013	4	1	-1
221013	1	1	1
221013	1	1	1
221013	1	1	1
221013	3	1	-1
221013	1	1	1
221013	1	1	1
221013	2	1	0
221013	2	1	0
221013	3	1	0
221013	1	1	0
221013	1	1	1
221013	3	0	0
221013	1	1	0
221013	3	1	-1
221013	3	1	-1
221013	1	1	1
221013	2	1	0
221013	4	1	0
221013	2	1	1
221013	1	1	1
221013	1	0	-1
221013	3	0	1
221013	2	1	1
221013	2	0	-1
221013	1	1	1
221013	3	1	-1
221013	1	1	1
221013	4	0	1
221013	4	1	0
221013	4	1	0
221013	2	1	0
221013	3	1	-1
221013	1	1	1
221013	1	1	1
221013	2	1	0
221013	3	1	-1
221013	3	1	-1
221013	1	1	1
221013	4	1	0
221067	1	1	1
221067	4	0	1
221067	1	1	1
221067	1	1	1
221067	2	1	1
221067	3	0	1
221067	1	1	1
221067	3	0	0
221067	4	0	1
221067	1	1	1
221067	3	0	0
221067	4	0	1
221067	3	0	1
221067	2	1	1
221067	1	1	1
221067	2	1	0
221067	1	1	1
221067	3	0	0
221067	1	1	1
221067	3	0	0
221067	1	1	1
221067	1	1	1
221067	4	0	1
221067	1	1	0
221067	4	0	0
221067	3	0	0
221067	4	0	1
221067	1	1	1
221067	3	0	0
221067	1	1	0
221067	3	0	1
221067	2	1	0
221067	1	1	1
221067	1	1	0
221067	3	0	0
221067	1	1	1
221067	3	0	0
221067	1	1	0
221067	3	0	0
221067	1	1	1
221067	2	1	1
221067	1	1	1
221067	1	1	1
221067	2	1	0
221067	1	1	1
221067	1	1	1
221067	1	1	1
221067	3	0	0
221067	4	0	1
221067	3	0	1
221067	3	0	0
221067	2	1	0
221067	4	0	1
221067	2	1	1
221067	3	0	0
221067	3	0	1
221067	1	1	1
221067	3	0	0
221067	2	1	0
221067	2	1	0
221067	3	0	0
221067	3	0	0
221067	2	1	0
221067	4	0	1
221067	2	1	0
221067	1	1	1
221067	3	0	0
221067	3	0	0
221067	3	0	1
221067	1	1	1
221067	1	1	1
221067	3	0	0
221067	3	0	0
221067	4	0	1
221067	4	0	0
221067	1	1	1
221067	3	0	1
221067	4	0	1
221067	3	0	1
221067	3	0	0
221151	2	1	0
221151	1	1	1
221151	3	0	1
221151	3	0	1
221151	4	0	1
221151	3	0	0
221151	1	1	1
221151	3	0	0
221151	3	0	1
221151	3	0	1
221151	1	1	1
221151	4	0	1
221151	1	1	1
221151	4	0	1
221151	2	1	0
221151	4	0	1
221151	3	0	0
221151	1	1	0
221151	4	0	1
221151	2	1	0
221151	1	1	1
221151	2	1	0
221151	2	1	0
221151	1	1	1
221151	1	1	1
221151	3	0	0
221151	1	1	1
221151	4	0	1
221151	3	0	0
221151	1	1	1
221151	3	0	0
221151	3	0	0
221151	2	1	1
221151	3	0	0
221151	4	0	0
221151	1	1	0
221151	3	0	0
221151	1	1	1
221151	3	0	0
221151	2	1	0
221151	4	0	1
221151	3	1	0
221151	1	1	1
221151	1	1	1
221151	3	0	0
221151	1	1	1
221151	3	0	0
221151	3	0	0
221151	3	0	0
221151	4	0	1
221151	4	0	0
221151	1	1	1
221151	1	1	1
221151	1	1	1
221151	1	1	1
221151	3	0	1
221151	4	0	1
221151	2	1	0
221151	2	1	0
221151	1	1	1
221151	4	0	1
221151	1	1	1
221151	2	1	0
221151	3	1	-1
221151	3	0	0
221151	1	1	0
221151	1	1	1
221151	1	1	1
221151	3	0	0
221151	1	1	1
221151	3	0	0
221151	3	0	0
221151	1	1	1
221151	3	0	1
221151	3	0	0
221151	2	1	0
221151	2	1	0
221151	1	1	1
221151	1	1	0
221151	3	0	1
230118	1	1	0
230118	1	1	0
230118	1	1	1
230118	2	0	0
230118	3	0	0
230118	4	1	0
230118	3	0	0
230118	1	1	1
230118	3	0	0
230118	1	1	1
230118	1	1	1
230118	1	1	1
230118	4	1	0
230118	1	1	1
230118	3	0	0
230118	3	0	0
230118	3	0	0
230118	3	0	0
230118	3	0	0
230118	3	0	0
230118	3	0	0
230118	3	0	1
230118	4	1	0
230118	3	0	1
230118	3	0	1
230118	1	1	1
230118	2	0	0
230118	1	1	1
230118	3	0	1
230118	3	0	0
230118	1	1	1
230118	4	1	0
230118	3	0	0
230118	3	0	0
230118	3	0	0
230118	1	1	1
230118	3	0	1
230118	2	0	-1
230118	2	0	-1
230118	1	1	1
230118	4	1	0
230118	1	1	0
230118	4	1	0
230118	3	1	-1
230118	2	0	-1
230118	1	1	1
230118	4	1	0
230118	2	0	-1
230118	1	1	0
230118	1	1	1
230118	3	0	0
230118	1	1	1
230118	1	1	1
230118	1	1	1
230118	4	1	-1
230118	2	0	-1
230118	2	0	-1
230118	3	0	0
230118	3	0	0
230118	3	0	0
230118	3	0	0
230118	3	0	0
230118	3	0	0
230118	2	0	0
230118	3	0	0
230118	1	1	1
230118	3	0	0
230118	2	0	-1
230118	1	1	1
230118	1	1	1
230118	3	0	0
230118	2	0	-1
230118	4	1	0
230118	1	1	1
230118	1	1	1
230118	4	1	-1
230118	3	0	0
230118	1	1	1
230118	1	1	1
230118	3	0	0
230118	2	0	-1
230118	4	1	0
230118	4	1	0
230118	2	0	-1
230118	4	1	0
230118	4	1	-1
230118	1	1	1
230118	2	0	0
230118	4	1	0
230118	1	1	1
230118	1	1	1
230118	2	0	-1
230118	1	1	0
230118	1	1	1
230118	1	1	1
230118	3	0	0
230118	1	1	1
230118	1	1	1
230118	3	0	1
230118	3	0	0
230227	3	0	0
230227	3	0	0
230227	3	0	1
230227	3	0	1
230227	1	1	0
230227	1	1	1
230227	1	1	1
230227	4	0	1
230227	1	1	1
230227	1	1	1
230227	1	1	0
230227	1	1	0
230227	1	1	1
230227	3	0	1
230227	1	1	1
230227	1	1	1
230227	1	1	0
230227	2	1	0
230227	1	1	1
230227	1	1	0
230227	1	1	1
230227	1	1	1
230227	3	0	0
230227	1	1	1
230227	2	1	0
230227	4	0	1
230227	1	1	1
230227	3	0	0
230227	3	0	0
230227	4	0	1
230227	1	1	1
230227	2	1	0
230227	3	0	1
230227	2	1	0
230227	3	0	1
230227	4	1	0
230227	2	1	0
230227	1	1	1
230227	3	0	0
230227	3	0	0
230227	1	1	1
230227	3	0	1
230227	3	0	0
230227	1	1	1
230227	4	0	1
230227	2	1	0
230227	2	1	1
230227	4	0	0
230227	3	0	0
230227	3	0	1
230227	3	0	0
230227	3	0	1
230227	3	0	0
230227	3	0	0
230227	4	0	1
230227	1	1	1
230227	1	1	1
230227	3	0	0
230227	1	1	0
230227	3	0	0
230227	3	0	0
230227	3	0	0
230227	1	1	1
230227	3	0	0
230227	3	0	1
230227	4	0	1
230227	4	0	1
230227	4	0	1
230227	2	1	1
230227	1	1	1
230227	1	1	1
230227	2	1	1
230227	1	1	1
230227	2	1	0
230227	3	0	1
230227	1	1	1
230227	1	1	1
230227	4	0	1
230227	4	0	1
230227	2	1	0
230227	3	0	1
230227	1	1	1
230227	2	1	0
230227	2	1	0
230227	1	1	1
230227	3	0	1
230227	3	0	0
230227	3	0	0
230227	2	1	0
230227	4	0	1
230227	2	1	0
230227	4	0	1
230227	4	0	1
230227	1	1	1
230227	3	0	0
230227	3	0	0
230227	3	0	1
230227	1	1	1
230227	1	1	1
230227	3	0	0
230555	3	1	-1
230555	1	1	0
230555	3	1	-1
230555	3	1	-1
230555	4	1	0
230555	1	1	1
230555	3	1	0
230555	4	1	-1
230555	4	1	0
230555	1	1	0
230555	4	1	0
230555	2	1	0
230555	3	1	-1
230555	1	1	1
230555	1	1	1
230555	2	1	0
230555	2	1	1
230555	1	1	1
230555	4	1	-1
230555	3	1	-1
230555	2	1	0
230555	3	1	0
230555	1	1	0
230555	1	1	1
230555	2	1	0
230555	3	1	0
230555	3	1	-1
230555	1	1	1
230555	1	1	1
230555	3	1	-1
230555	3	1	-1
230555	1	1	1
230555	4	1	0
230555	1	1	0
230555	3	1	-1
230555	3	1	-1
230555	2	1	1
230555	2	1	0
230555	4	1	0
230555	2	1	0
230555	4	1	0
230555	3	1	0
230555	1	1	1
230555	3	1	-1
230555	3	1	0
230555	1	1	1
230555	1	1	1
230555	1	1	1
230555	3	1	0
230555	1	1	1
230555	1	1	1
230555	1	1	0
230555	2	1	1
230555	2	1	0
230555	3	1	-1
230555	3	1	0
230555	3	1	0
230555	1	1	1
230555	1	1	1
230555	1	1	1
230555	2	1	0
230555	1	1	1
230555	1	1	1
230555	1	1	1
230555	4	1	0
230555	2	1	0
230555	1	1	0
230555	3	1	-1
230555	1	1	1
230555	2	1	0
230555	1	1	1
230555	3	1	-1
230555	3	1	-1
230555	3	1	0
230555	3	1	-1
230555	3	1	-1
230555	2	1	1
230555	3	1	-1
230555	3	1	-1
230555	1	1	1
230555	4	1	-1
230555	3	1	0
230555	3	1	0
230555	4	1	0
230555	1	1	0
230555	3	1	-1
230555	1	1	0
230555	3	1	-1
230555	1	1	1
230555	4	1	0
230555	2	1	0
230555	1	1	0
230555	4	1	0
230555	3	1	-1
230555	1	1	1
230555	3	1	-1
230555	1	1	1
230555	4	1	0
230555	3	1	-1
230555	4	1	0
230791	3	1	-1
230791	1	1	1
230791	3	1	-1
230791	3	1	-1
230791	4	1	0
230791	3	1	-1
230791	2	1	0
230791	4	1	-1
230791	3	1	-1
230791	3	1	-1
230791	4	1	0
230791	1	1	1
230791	2	1	1
230791	3	0	0
230791	1	1	1
230791	1	1	1
230791	3	0	0
230791	2	0	-1
230791	3	0	0
230791	3	1	-1
230791	1	1	1
230791	3	1	-1
230791	3	1	-1
230791	3	1	-1
230791	3	0	0
230791	1	1	1
230791	3	0	0
230791	1	1	1
230791	3	0	0
230791	1	1	1
230791	1	1	1
230791	1	0	0
230791	1	1	0
230791	2	0	0
230791	3	0	0
230791	4	1	-1
230791	3	0	0
230791	3	1	-1
230791	3	1	-1
230791	1	1	1
230791	1	1	1
230791	4	1	0
230791	1	1	1
230791	3	1	-1
230791	2	1	0
230791	3	1	-1
230791	4	1	-1
230791	2	1	0
230791	1	1	1
230791	3	1	-1
230791	1	1	1
230791	2	1	1
230791	4	1	0
230791	1	1	1
230791	1	1	1
230791	3	1	-1
230791	4	1	0
230791	3	0	0
230791	3	0	0
230791	4	0	1
230791	3	0	0
230791	4	0	0
230791	4	1	0
230791	1	1	1
230791	3	0	1
230791	1	1	1
230791	2	0	-1
230791	4	1	0
230791	1	1	0
230791	1	0	0
230791	3	1	-1
230791	3	0	1
230791	1	1	1
230791	1	1	0
230791	2	0	-1
230791	1	1	1
230791	1	1	0
230791	3	1	-1
230791	4	1	0
230791	1	1	1
230791	1	1	1
230791	3	1	-1
230791	1	1	1
230791	1	1	1
230791	1	1	0
230791	1	0	-1
230791	2	0	-1
230791	3	1	0
230791	4	1	0
230791	2	1	0
230791	3	1	-1
230791	3	1	-1
230791	4	1	0
230791	2	1	0
230791	2	0	-1
230791	1	1	1
230791	2	0	-1
230791	2	1	0
230791	1	1	1
230791	1	0	0
231016	1	1	1
231016	2	1	1
231016	3	0	0
231016	3	0	0
231016	4	0	1
231016	1	1	1
231016	1	1	1
231016	2	1	0
231016	1	1	0
231016	4	0	0
231016	1	1	0
231016	3	0	1
231016	4	0	0
231016	3	0	0
231016	1	1	1
231016	3	0	1
231016	1	1	1
231016	1	1	1
231016	2	1	1
231016	3	0	0
231016	1	1	1
231016	4	0	1
231016	3	0	0
231016	3	0	0
231016	4	0	1
231016	1	1	1
231016	4	0	1
231016	3	0	1
231016	1	1	1
231016	3	0	0
231016	3	0	0
231016	1	1	1
231016	1	1	1
231016	3	0	0
231016	1	1	1
231016	3	0	0
231016	2	1	1
231016	3	0	0
231016	4	0	1
231016	4	0	0
231016	3	0	0
231016	3	0	0
231016	1	1	1
231016	1	1	1
231016	3	0	0
231016	3	0	0
231016	1	1	1
231016	3	0	0
231016	2	1	0
231016	3	0	1
231016	1	1	1
231016	1	1	1
231016	2	1	0
231016	3	0	0
231016	3	0	0
231016	3	0	1
231016	1	1	0
231016	3	0	1
231016	1	1	0
231016	3	0	0
231016	4	1	0
231016	1	1	1
231016	2	1	0
231016	1	1	1
231016	3	0	1
231016	1	1	1
231016	3	0	0
231016	2	1	0
231016	2	1	0
231016	1	1	1
231016	2	1	0
231016	4	0	1
231016	3	0	0
231016	3	0	0
231016	3	0	1
231016	1	1	1
231016	1	1	1
231016	1	1	0
231016	1	1	1
231016	3	0	1
231016	3	0	1
231016	2	1	0
231016	2	1	0
231016	1	1	1
231016	3	0	0
231016	4	0	1
231016	2	1	0
231016	4	0	0
231016	2	1	0
231016	4	0	1
231016	4	0	1
231016	3	0	0
231016	3	0	1
231016	1	1	1
231016	1	1	1
231016	2	1	0
231016	4	0	1
231016	1	1	1
231016	1	1	1
231016	1	1	1
231146	1	0	0
231146	3	0	0
231146	1	0	-1
231146	4	0	1
231146	1	0	0
231146	4	1	0
231146	4	1	0
231146	1	1	1
231146	1	1	1
231146	1	1	1
231146	3	1	-1
231146	3	1	-1
231146	1	1	1
231146	3	1	-1
231146	1	1	1
231146	3	1	0
231146	2	1	1
231146	1	1	1
231146	3	1	-1
231146	4	1	0
231146	1	1	1
231146	3	1	-1
231146	1	1	1
231146	3	1	-1
231146	1	1	1
231146	2	1	0
231146	3	1	-1
231146	2	1	0
231146	3	1	-1
231146	3	1	0
231146	2	1	0
231146	3	1	-1
231146	3	1	-1
231146	3	1	-1
231146	4	1	0
231146	3	1	0
231146	2	1	0
231146	2	0	-1
231146	3	1	0
231146	1	1	1
231146	3	1	0
231146	1	1	1
231146	1	1	1
231146	1	1	1
231146	2	1	0
231146	3	1	0
231146	1	1	0
231146	3	1	-1
231146	3	1	-1
231146	4	1	0
231146	3	1	-1
231146	3	1	0
231146	2	1	0
231146	1	1	1
231146	3	1	-1
231146	1	1	1
231146	1	1	1
231146	1	1	1
231146	1	1	1
231146	1	1	1
231146	3	1	-1
231146	1	1	1
231146	4	1	0
231146	1	1	1
231146	3	1	-1
231146	1	1	1
231146	1	1	1
231146	4	1	0
231146	4	1	0
231146	3	1	-1
231146	4	1	-1
231146	3	1	-1
231146	4	1	0
231146	2	1	0
231146	3	1	0
231146	1	1	1
231146	4	1	0
231146	2	1	0
231146	1	0	0
231146	3	1	-1
231146	1	1	0
231146	2	1	0
231146	4	1	0
231146	4	1	0
231146	1	1	1
231146	2	1	0
231146	2	1	0
231146	1	1	1
231146	3	1	-1
231146	4	1	-1
231146	2	1	0
231146	1	1	0
231146	3	1	-1
231146	1	1	1
231146	3	1	0
231146	2	1	0
231146	1	1	0
231146	3	1	-1
231146	3	1	-1
231146	3	1	-1
240135	3	0	0
240135	1	1	1
240135	1	1	1
240135	4	0	0
240135	3	0	1
240135	3	0	0
240135	3	0	0
240135	4	0	1
240135	2	1	0
240135	3	0	1
240135	3	0	0
240135	1	1	1
240135	3	0	0
240135	3	0	1
240135	4	0	1
240135	3	0	0
240135	1	1	0
240135	1	1	1
240135	2	1	0
240135	4	0	1
240135	4	0	0
240135	2	1	0
240135	1	1	1
240135	3	0	0
240135	1	1	1
240135	1	1	1
240135	1	1	1
240135	2	1	0
240135	1	1	1
240135	1	1	1
240135	3	0	0
240135	1	1	1
240135	1	1	1
240135	1	1	0
240135	2	1	0
240135	4	0	1
240135	1	1	1
240135	3	0	0
240135	4	0	1
240135	2	1	0
240135	3	0	1
240135	2	1	0
240135	1	1	1
240135	1	1	1
240135	1	1	1
240135	1	1	1
240135	2	1	1
240135	3	0	1
240135	3	0	0
240135	3	0	0
240135	1	1	0
240135	2	1	0
240135	3	0	0
240135	4	0	1
240135	3	0	0
240135	3	0	0
240135	3	0	0
240135	2	1	0
240135	2	1	0
240135	1	1	0
240135	1	1	1
240135	4	0	1
240135	1	1	1
240135	3	0	0
240135	1	1	1
240135	1	1	1
240135	1	1	1
240135	3	0	0
240135	3	0	0
240135	2	1	1
240135	1	1	1
240135	1	1	1
240135	3	0	0
240135	3	0	1
240135	2	1	0
240135	3	0	0
240135	3	0	0
240135	1	1	1
240135	3	0	0
240135	3	0	0
240135	3	0	0
240135	4	0	1
240135	1	1	0
240135	3	0	0
240135	2	1	0
240135	4	0	1
240135	4	0	1
240135	4	0	1
240135	1	1	1
240135	3	0	0
240135	1	1	1
240135	1	1	1
240135	1	1	1
240135	2	1	1
240135	3	0	0
240135	3	0	0
240135	1	1	1
240135	4	0	0
240135	3	0	0
240135	4	0	1
240231	3	0	0
240231	2	1	0
240231	2	1	0
240231	3	0	0
240231	3	0	0
240231	4	0	0
240231	2	1	0
240231	3	0	0
240231	1	1	1
240231	3	0	0
240231	4	0	1
240231	2	1	1
240231	3	0	0
240231	1	1	1
240231	3	0	0
240231	1	1	1
240231	3	0	0
240231	1	1	1
240231	1	1	1
240231	3	0	1
240231	3	0	0
240231	3	0	0
240231	2	1	0
240231	1	1	1
240231	3	0	0
240231	2	1	0
240231	4	0	0
240231	3	0	1
240231	1	1	1
240231	2	1	1
240231	3	0	1
240231	3	0	0
240231	3	0	0
240231	3	0	0
240231	3	0	0
240231	3	0	1
240231	2	1	0
240231	3	0	0
240231	1	0	-1
240231	3	0	0
240231	4	0	1
240231	4	0	1
240231	1	1	1
240231	1	1	0
240231	4	0	1
240231	1	1	1
240231	1	1	1
240231	4	0	0
240231	4	0	1
240231	2	1	0
240231	2	1	0
240231	1	1	1
240231	3	0	0
240231	2	1	0
240231	1	1	1
240231	1	0	-1
240231	4	0	1
240231	1	1	1
240231	2	0	-1
240231	1	1	1
240231	1	1	0
240231	3	0	0
240231	3	0	0
240231	3	0	1
240231	1	1	1
240231	1	1	0
240231	3	0	0
240231	3	0	0
240231	1	0	0
240231	1	1	1
240231	1	1	1
240231	1	1	0
240231	1	1	1
240231	4	0	1
240231	3	0	0
240231	1	1	1
240231	4	0	1
240231	1	1	1
240231	3	0	0
240231	3	0	0
240231	2	1	0
240231	1	1	1
240231	1	1	0
240231	1	1	0
240231	1	1	1
240231	2	1	1
240231	1	1	1
240231	2	1	1
240231	3	0	0
240231	4	0	1
240231	1	1	0
240231	4	0	1
240231	1	1	1
240231	3	0	0
240231	4	0	1
240231	3	0	0
240231	4	0	1
240231	3	0	1
240231	3	0	0
240231	1	1	1
240360	1	1	1
240360	3	0	0
240360	1	1	0
240360	3	0	0
240360	2	1	0
240360	2	1	1
240360	2	1	0
240360	3	0	0
240360	2	1	0
240360	1	1	1
240360	3	0	0
240360	4	1	0
240360	4	0	1
240360	1	1	1
240360	4	0	1
240360	3	0	0
240360	3	0	0
240360	4	0	1
240360	3	0	0
240360	4	0	1
240360	3	0	0
240360	3	0	0
240360	1	1	1
240360	1	1	0
240360	1	1	0
240360	4	0	1
240360	3	0	0
240360	2	1	0
240360	1	1	1
240360	1	1	0
240360	1	1	1
240360	3	0	0
240360	3	0	0
240360	1	1	1
240360	1	1	1
240360	3	0	0
240360	3	0	1
240360	4	0	0
240360	1	1	0
240360	2	1	0
240360	3	0	1
240360	1	1	1
240360	1	1	1
240360	4	0	1
240360	1	1	1
240360	4	0	0
240360	4	0	1
240360	2	1	0
240360	2	1	0
240360	1	1	1
240360	4	0	1
240360	3	0	0
240360	1	1	1
240360	1	1	1
240360	1	1	1
240360	2	1	0
240360	3	0	1
240360	3	0	0
240360	1	1	1
240360	3	0	0
240360	3	0	0
240360	1	1	1
240360	3	0	0
240360	1	1	0
240360	3	0	1
240360	3	0	0
240360	3	0	1
240360	1	1	1
240360	1	1	1
240360	2	1	0
240360	4	0	0
240360	3	0	1
240360	2	1	0
240360	3	0	0
240360	1	1	1
240360	3	0	0
240360	2	1	0
240360	1	1	1
240360	1	1	0
240360	3	0	0
240558	3	0	1
240558	1	1	1
240558	2	0	-1
240558	1	1	1
240558	2	0	0
240558	3	1	-1
240558	3	1	-1
240558	1	1	1
240558	3	0	0
240558	3	0	0
240558	3	1	0
240558	3	1	-1
240558	1	1	1
240558	2	0	-1
240558	3	0	0
240558	2	1	0
240558	2	1	0
240558	3	0	0
240558	3	0	1
240558	1	0	0
240558	1	0	0
240558	1	1	0
240558	1	0	0
240558	4	1	0
240558	3	1	-1
240558	3	1	-1
240558	3	1	-1
240558	3	1	-1
240558	1	0	0
240558	1	1	1
240558	2	1	0
240558	1	0	-1
240558	1	1	1
240558	4	1	0
240558	1	1	1
240558	3	0	0
240558	3	0	0
240558	1	0	0
240558	4	0	0
240558	3	1	0
240558	4	1	0
240558	1	1	0
240558	1	1	1
240558	3	0	0
240558	3	1	-1
240558	1	0	-1
240558	3	1	-1
240558	2	1	0
240558	3	1	-1
240558	1	1	1
240558	2	0	0
240558	1	0	-1
240558	3	1	-1
240558	3	1	0
240558	1	1	1
240558	1	1	1
240558	3	1	-1
240558	2	1	0
240558	1	1	0
240558	3	1	-1
240558	1	1	1
240558	1	1	1
240558	4	1	0
240558	3	0	0
240558	4	1	-1
240558	3	0	0
240558	3	0	0
240558	2	1	0
240558	1	0	0
240558	1	1	1
240558	4	0	1
240558	2	0	-1
240558	4	0	1
240558	4	1	-1
240558	2	1	0
240558	4	1	0
240558	1	1	1
240558	3	1	0
240558	2	0	0
240558	3	1	0
240558	3	0	0
240558	1	1	0
240558	4	1	-1
240558	3	0	0
240558	1	0	0
240558	4	0	1
240558	4	0	1
240558	3	0	1
240558	3	0	0
240558	2	1	0
240558	1	1	0
240558	1	0	-1
240558	4	1	0
240558	3	1	-1
240558	1	1	0
240558	1	1	1
240558	2	1	0
240558	4	1	0
240558	1	0	0
240558	1	0	-1
240997	3	0	0
240997	1	1	1
240997	1	1	1
240997	4	0	1
240997	3	0	0
240997	1	1	0
240997	3	0	0
240997	2	1	0
240997	1	1	1
240997	2	1	0
240997	1	1	1
240997	3	0	0
240997	4	0	1
240997	1	1	1
240997	3	0	0
240997	1	1	0
240997	1	1	1
240997	4	0	1
240997	1	1	0
240997	1	1	0
240997	1	1	1
240997	3	0	0
240997	1	1	0
240997	4	0	1
240997	2	1	0
240997	3	0	1
240997	4	0	0
240997	1	1	1
240997	3	0	0
240997	3	0	0
240997	1	1	1
240997	3	0	1
240997	3	0	0
240997	1	1	0
240997	3	0	0
240997	3	0	0
240997	3	0	0
240997	1	1	1
240997	2	1	0
240997	1	1	1
240997	4	0	1
240997	3	0	0
240997	3	0	0
240997	3	0	0
240997	2	1	0
240997	4	0	1
240997	3	0	1
240997	2	1	1
240997	3	0	0
240997	1	1	0
240997	3	0	0
240997	3	0	0
240997	1	1	1
240997	3	0	0
240997	3	0	1
240997	3	0	0
240997	4	0	1
240997	1	1	1
240997	2	1	0
240997	1	1	1
240997	4	0	1
240997	2	1	0
240997	1	1	1
240997	4	0	0
240997	1	1	0
240997	2	1	0
240997	1	1	1
240997	2	1	0
240997	3	0	0
240997	3	0	0
240997	3	0	0
240997	1	1	0
240997	4	0	1
240997	4	0	1
240997	1	1	1
240997	2	1	0
240997	1	1	1
240997	3	0	0
240997	1	1	1
240997	2	1	0
241014	1	1	0
241014	1	1	0
241014	3	0	0
241014	3	0	1
241014	2	1	0
241014	3	0	0
241014	2	1	0
241014	1	1	1
241014	3	0	0
241014	1	1	0
241014	1	1	1
241014	1	1	0
241014	1	1	0
241014	1	1	1
241014	4	0	1
241014	2	1	0
241014	3	0	1
241014	3	0	1
241014	2	1	0
241014	1	1	1
241014	1	1	0
241014	1	1	0
241014	1	1	0
241014	1	1	1
241014	3	0	0
241014	1	1	1
241014	1	1	0
241014	1	1	1
241014	3	0	0
241014	3	0	0
241014	3	0	0
241014	1	1	0
241014	1	1	1
241014	3	0	0
241014	3	0	0
241014	2	1	0
241014	4	1	0
241014	4	0	1
241014	1	1	0
241014	3	0	1
241014	1	1	1
241014	4	0	0
241014	3	0	1
241014	4	0	1
241014	2	1	0
241014	1	1	1
241014	2	1	0
241014	3	0	0
241014	2	0	-1
241014	3	1	-1
241014	3	0	0
241014	3	0	0
241014	3	0	0
241014	4	0	1
241014	3	0	1
241014	1	1	0
241014	1	1	1
241014	2	1	0
241014	3	0	1
241014	4	0	1
241014	3	0	0
241014	3	0	0
241014	4	0	1
241014	1	1	1
241014	1	1	1
241014	3	0	0
241014	3	0	0
241014	2	1	0
241014	4	0	1
241014	2	1	1
241014	4	1	0
241014	4	1	0
241014	3	0	0
241014	3	0	1
241014	1	1	1
241014	4	0	1
241014	1	1	1
241014	1	1	0
241014	3	0	0
241014	2	1	0
241039	3	0	0
241039	3	0	0
241039	1	1	0
241039	1	1	1
241039	3	0	1
241039	1	1	0
241039	2	0	0
241039	4	1	0
241039	1	1	1
241039	1	1	0
241039	3	0	0
241039	2	0	-1
241039	4	0	1
241039	4	1	0
241039	1	1	1
241039	2	0	0
241039	1	1	1
241039	4	1	0
241039	3	0	0
241039	2	0	-1
241039	2	0	-1
241039	3	0	0
241039	3	0	0
241039	3	0	0
241039	1	1	0
241039	4	1	0
241039	4	1	-1
241039	1	1	1
241039	2	0	0
241039	1	1	1
241039	4	0	1
241039	3	0	0
241039	3	0	0
241039	3	0	0
241039	3	0	0
241039	3	0	0
241039	4	0	0
241039	1	1	1
241039	1	1	1
241039	3	0	0
241039	2	0	-1
241039	2	0	-1
241039	1	1	1
241039	3	0	0
241039	1	1	1
241039	3	0	0
241039	1	1	0
241039	3	0	0
241039	2	0	0
241039	3	0	0
241039	3	0	0
241039	2	0	-1
241039	1	1	0
241039	3	0	0
241039	1	1	1
241039	2	0	0
241039	3	0	0
241039	1	1	0
241039	1	0	0
241039	3	0	0
241039	3	0	0
241039	3	0	0
241039	1	1	1
241039	4	1	0
241039	1	1	1
241039	1	1	1
241039	3	0	0
241039	1	0	0
241039	3	0	1
241039	1	1	1
241039	4	0	0
241039	1	1	1
241039	3	0	0
241039	1	1	1
241039	1	1	0
241039	1	1	0
241039	2	0	-1
241039	1	1	0
241039	3	0	1
241039	3	0	0
241039	2	0	-1
241039	3	0	1
241039	3	0	0
241039	1	1	1
241039	4	1	0
241039	1	1	0
241039	2	0	-1
241039	3	0	0
241039	3	0	0
241039	4	1	0
241039	3	0	1
241039	4	1	0
241039	1	1	1
241039	1	1	0
241039	4	0	1
241039	4	1	-1
241039	1	1	1
241039	2	1	0
241039	1	1	1
241039	3	0	1
241064	1	1	1
241064	3	0	0
241064	4	0	1
241064	3	0	0
241064	3	0	0
241064	3	0	0
241064	3	0	0
241064	3	0	0
241064	4	0	1
241064	1	1	1
241064	3	0	0
241064	1	1	0
241064	1	1	1
241064	1	1	0
241064	1	1	1
241064	4	0	1
241064	1	1	1
241064	3	0	0
241064	3	0	0
241064	3	0	0
241064	2	1	0
241064	1	1	1
241064	1	1	0
241064	4	0	0
241064	3	0	0
241064	2	1	0
241064	4	0	1
241064	1	1	0
241064	3	0	0
241064	3	0	1
241064	1	1	1
241064	1	1	1
241064	2	1	0
241064	1	1	1
241064	3	0	0
241064	3	0	0
241064	3	0	0
241064	3	0	0
241064	2	1	0
241064	3	0	0
241064	1	1	1
241064	2	1	0
241064	3	0	1
241064	4	0	1
241064	1	1	1
241064	1	1	1
241064	1	1	1
241064	1	1	0
241064	2	1	0
241064	3	0	1
241064	2	1	0
241064	2	1	1
241064	1	1	1
241064	2	1	0
241064	1	1	1
241064	3	0	0
241064	3	0	0
241064	3	0	0
241064	4	0	1
241064	3	0	0
241064	2	1	0
241064	3	0	0
241064	1	1	1
241064	1	1	1
241064	1	1	0
241064	2	1	1
241064	1	1	1
241064	3	0	0
241064	4	0	1
241064	1	1	1
241064	4	0	1
241064	4	0	1
241064	2	1	0
241064	4	0	1
241064	4	0	0
241064	1	1	1
241064	3	0	0
241064	1	1	1
241064	1	1	1
241064	3	0	1
21111404	3	0	1
21111404	1	1	0
21111404	4	0	1
21111404	3	0	0
21111404	1	1	1
21111404	3	0	0
21111404	2	1	0
21111404	3	0	1
21111404	2	1	0
21111404	3	0	0
21111404	4	0	1
21111404	2	1	0
21111404	1	1	1
21111404	3	0	1
21111404	4	0	1
21111404	3	0	0
21111404	2	1	0
21111404	3	0	0
21111404	1	1	0
21111404	4	0	1
21111404	3	0	1
21111404	4	0	1
21111404	1	1	1
21111404	3	0	0
21111404	1	1	1
21111404	2	1	0
21111404	3	0	1
21111404	2	1	0
21111404	4	0	1
21111404	1	1	1
21111404	1	1	1
21111404	1	1	0
21111404	4	0	0
21111404	2	1	0
21111404	1	1	0
21111404	3	0	0
21111404	4	0	1
21111404	2	1	0
21111404	1	1	0
21111404	2	1	0
21111404	4	0	1
21111404	1	1	1
21111404	1	1	0
21111404	3	0	0
21111404	2	1	1
21111404	4	0	1
21111404	1	1	1
21111404	3	0	0
21111404	3	0	0
21111404	1	1	1
21111404	1	1	1
21111404	1	1	1
21111404	1	1	0
21111404	1	1	0
21111404	3	0	0
21111404	3	0	0
21111404	3	0	1
21111404	1	1	0
21111404	3	0	1
21111404	1	1	1
21111404	4	0	1
21111404	1	1	1
21111404	2	1	1
21111404	3	0	1
21111404	1	1	1
21111404	1	1	1
21111404	1	1	1
21111404	2	1	1
21111404	1	1	1
21111404	2	1	0
21111404	1	1	1
21111404	3	0	0
21111404	1	1	0
21111404	3	0	0
21111404	1	1	1
21111404	4	0	0
21111404	3	0	0
21111404	3	0	0
21111404	3	0	0
21111404	3	0	0
21111404	1	1	1
21111404	1	1	1
21111404	3	0	0
21111404	3	0	0
21111404	3	0	0
21111404	4	0	1
21111404	3	0	0
21111404	4	0	1
21111404	3	0	0
21111404	2	1	0
21111404	1	1	0
21111404	4	0	1
21111404	1	1	1
21111404	1	1	1
21111404	2	1	0
21111404	3	0	1
21111404	3	0	0
21111404	3	0	0
21111404	3	0	1
21111404	1	1	1
231080107	3	1	0
231080107	4	1	0
231080107	3	0	0
231080107	2	1	0
231080107	1	0	0
231080107	1	0	0
231080107	1	1	1
231080107	3	1	-1
231080107	1	1	0
231080107	4	1	0
231080107	1	1	1
231080107	2	1	0
231080107	1	1	1
231080107	2	1	0
231080107	4	1	0
231080107	4	1	0
231080107	1	1	1
231080107	4	1	0
231080107	3	1	-1
231080107	2	1	0
231080107	2	1	0
231080107	1	1	1
231080107	3	1	-1
231080107	1	1	1
231080107	3	1	-1
231080107	1	1	1
231080107	4	1	0
231080107	1	0	0
231080107	3	1	-1
231080107	2	1	0
231080107	1	1	1
231080107	2	1	0
231080107	4	1	0
231080107	3	1	0
231080107	1	0	-1
231080107	3	0	1
231080107	1	0	0
231080107	1	1	0
231080107	2	1	0
231080107	1	1	1
231080107	2	1	0
231080107	3	1	-1
231080107	1	1	1
231080107	1	1	0
231080107	3	1	-1
231080107	2	1	0
231080107	1	1	1
231080107	3	1	-1
231080107	3	1	-1
231080107	3	1	0
231080107	3	1	-1
231080107	4	1	0
231080107	1	1	0
231080107	4	1	0
231080107	1	1	1
231080107	3	1	0
231080107	3	1	-1
231080107	1	1	0
231080107	4	1	-1
231080107	1	1	0
231080107	3	1	-1
231080107	4	1	0
231080107	3	1	-1
231080107	1	1	1
231080107	3	1	-1
231080107	3	1	-1
231080107	1	1	1
231080107	4	1	0
231080107	3	1	-1
231080107	3	1	0
231080107	1	1	1
231080107	3	1	-1
231080107	1	1	1
231080107	3	1	-1
231080107	1	1	1
231080107	2	1	0
231080107	3	1	0
231080107	3	1	-1
231080107	2	1	0
231080107	3	1	-1
231080108	3	0	0
231080108	3	0	0
231080108	1	1	1
231080108	3	0	0
231080108	1	1	1
231080108	1	0	0
231080108	2	0	-1
231080108	2	0	-1
231080108	3	0	0
231080108	1	1	1
231080108	3	0	0
231080108	3	0	0
231080108	4	1	0
231080108	3	0	0
231080108	3	0	1
231080108	3	0	0
231080108	1	1	1
231080108	2	0	0
231080108	1	1	1
231080108	1	1	1
231080108	3	0	0
231080108	3	0	0
231080108	1	1	1
231080108	1	1	1
231080108	3	0	1
231080108	4	1	0
231080108	2	0	0
231080108	2	0	0
231080108	3	0	0
231080108	2	0	-1
231080108	3	0	0
231080108	2	0	0
231080108	4	1	0
231080108	3	0	0
231080108	1	1	1
231080108	1	0	-1
231080108	3	0	1
231080108	1	1	1
231080108	3	0	0
231080108	3	0	0
231080108	2	0	-1
231080108	1	1	1
231080108	1	0	0
231080108	3	0	0
231080108	1	1	1
231080108	1	0	-1
231080108	3	0	0
231080108	1	0	0
231080108	1	1	1
231080108	1	0	0
231080108	2	0	0
231080108	2	0	-1
231080108	1	1	1
231080108	3	0	1
231080108	1	1	1
231080108	1	1	0
231080108	4	0	1
231080108	3	0	0
231080108	2	0	-1
231080108	4	0	1
231080108	1	1	0
231080108	3	0	1
231080108	3	1	-1
231080108	1	1	1
231080108	4	0	1
231080108	4	1	-1
231080108	3	1	-1
231080108	3	0	0
231080108	4	1	-1
231080108	3	0	0
231080108	1	1	1
231080108	3	0	0
231080108	3	0	0
231080108	2	0	0
231080108	1	1	1
231080108	4	0	1
231080108	1	1	0
231080108	1	1	1
231080108	2	0	-1
231080108	2	0	0
231080108	3	0	0
231080108	3	0	0
231080108	1	1	1
231080108	1	0	0
231080108	4	0	1
231080108	2	0	-1
231080108	4	1	-1
231080108	4	1	-1
231080108	3	0	0
231080108	3	0	0
231080108	4	0	1
231080108	1	1	1
231080108	1	1	1
231080108	1	0	0
231080108	3	0	0
231080108	4	0	1
231080108	1	1	1
231080108	1	0	0
231080108	4	0	1
231080108	3	0	0
241010405	4	1	-1
241010405	1	1	1
241010405	1	1	0
241010405	1	1	1
241010405	4	1	0
241010405	2	0	-1
241010405	2	0	-1
241010405	1	1	1
241010405	3	0	1
241010405	2	1	0
241010405	2	1	0
241010405	1	1	1
241010405	1	1	1
241010405	3	0	0
241010405	1	1	1
241010405	4	1	0
241010405	3	0	0
241010405	3	0	0
241010405	4	1	0
241010405	1	1	1
241010405	1	1	1
241010405	1	1	1
241010405	3	1	-1
241010405	3	0	0
241010405	1	1	1
241010405	1	1	1
241010405	4	1	0
241010405	4	0	1
241010405	4	1	0
241010405	4	1	-1
241010405	3	0	0
241010405	1	1	1
241010405	2	1	0
241010405	1	1	1
241010405	3	0	0
241010405	4	1	0
241010405	3	0	0
241010405	3	0	0
241010405	2	1	0
241010405	1	1	1
241010405	3	0	0
241010405	3	1	0
241010405	1	1	0
241010405	2	1	0
241010405	3	0	0
241010405	3	1	-1
241010405	3	1	-1
241010405	1	1	1
241010405	3	0	0
241010405	1	1	1
241010405	1	1	1
241010405	1	1	0
241010405	3	0	0
241010405	3	0	0
241010405	3	0	1
241010405	1	1	1
241010405	1	1	1
241010405	1	1	1
241010405	3	0	0
241010405	3	0	0
241010405	4	1	-1
241010405	2	1	0
241010405	2	0	-1
241010405	4	1	0
241010405	3	0	0
241010405	2	0	-1
241010405	1	1	1
241010405	3	0	0
241010405	2	1	0
241010405	2	1	0
241010405	2	1	0
241010405	3	0	0
241010405	1	1	1
241010405	2	1	0
241010405	3	0	0
241010405	4	1	0
241010405	1	1	1
241010405	1	1	1
241010405	1	1	1
241010405	3	0	0
241010405	1	1	0
241010405	3	0	0
241010405	1	1	1
241010405	1	1	1
241010405	3	0	1
241010405	4	1	0
241010405	1	1	1
241010405	3	0	0
241010405	1	1	1
241010405	3	0	0
241010405	4	1	0
241010405	4	1	0
241010405	3	0	1
241010405	3	1	-1
241010405	3	1	-1
241010405	1	1	1
241010405	3	0	0
241010405	2	1	0
241010405	3	1	0
241010405	1	1	1
241030014	2	1	1
241030014	1	1	1
241030014	1	1	0
241030014	2	1	0
241030014	4	1	0
241030014	4	0	1
241030014	3	0	1
241030014	1	1	0
241030014	1	1	1
241030014	3	0	0
241030014	2	1	0
241030014	2	1	0
241030014	1	1	1
241030014	1	1	1
241030014	4	0	1
241030014	3	0	0
241030014	4	0	0
241030014	4	0	1
241030014	4	0	1
241030014	1	1	1
241030014	1	1	1
241030014	1	1	1
241030014	2	1	0
241030014	3	0	0
241030014	3	0	1
241030014	1	1	1
241030014	3	0	1
241030014	3	0	1
241030014	1	1	1
241030014	2	1	1
241030014	3	0	0
241030014	3	0	1
241030014	3	0	0
241030014	4	0	0
241030014	3	0	0
241030014	3	0	0
241030014	3	0	0
241030014	2	1	0
241030014	1	1	1
241030014	1	1	1
241030014	3	0	0
241030014	4	1	0
241030014	1	1	0
241030014	1	1	1
241030014	1	1	1
241030014	4	0	1
241030014	2	1	1
241030014	1	1	0
241030014	3	0	0
241030014	1	1	1
241030014	3	0	0
241030014	2	1	0
241030014	4	0	1
241030014	3	0	1
241030014	3	0	0
241030014	1	1	1
241030014	1	1	1
241030014	3	0	0
241030014	1	1	1
241030014	1	1	1
241030014	3	0	0
241030014	1	1	1
241030014	4	0	0
241030014	3	0	0
241030014	3	0	0
241030014	4	1	0
241030014	3	0	0
241030014	1	1	1
241030014	1	1	0
241030014	4	1	0
241030014	3	0	0
241030014	2	1	0
241030014	2	1	1
241030014	2	1	1
241030014	4	0	1
241030014	2	1	0
241030014	1	1	1
241030014	2	1	0
241030014	3	0	0
241030014	3	0	0
241030014	3	0	0
241030014	1	1	1
241030014	3	0	0
241030014	2	1	1
241030014	4	0	1
241030014	3	0	1
241030014	3	0	0
241030014	1	1	1
241030014	3	0	0
241030014	1	1	1
241030014	3	0	0
241030014	3	0	1
241030014	1	1	1
241030014	3	0	0
241030014	1	1	1
241030014	3	0	0
241030014	1	1	1
241030014	1	1	1
241030014	1	1	1
241030014	1	1	1
241040010	3	0	0
241040010	1	1	1
241040010	4	0	1
241040010	2	1	1
241040010	3	0	1
241040010	3	0	0
241040010	3	0	0
241040010	4	0	0
241040010	1	1	0
241040010	2	1	1
241040010	1	1	1
241040010	4	0	1
241040010	4	0	0
241040010	1	1	1
241040010	4	0	1
241040010	1	1	1
241040010	3	0	0
241040010	3	0	0
241040010	1	1	1
241040010	3	0	0
241040010	1	1	1
241040010	3	0	0
241040010	3	0	1
241040010	1	1	1
241040010	4	0	1
241040010	1	1	1
241040010	3	0	1
241040010	3	0	0
241040010	3	0	1
241040010	1	1	1
241040010	3	0	0
241040010	2	1	0
241040010	3	0	0
241040010	3	0	0
241040010	1	1	1
241040010	3	0	1
241040010	1	1	1
241040010	1	1	1
241040010	2	0	-1
241040010	2	1	0
241040010	2	1	0
241040010	1	1	1
241040010	3	0	0
241040010	3	0	1
241040010	3	0	0
241040010	1	1	0
241040010	3	0	0
241040010	1	1	1
241040010	1	1	1
241040010	4	0	1
241040010	3	0	0
241040010	1	1	0
241040010	3	0	0
241040010	3	0	0
241040010	2	1	1
241040010	3	0	1
241040010	1	1	0
241040010	1	1	1
241040010	4	0	0
241040010	2	1	0
241040010	1	1	0
241040010	1	1	1
241040010	3	0	0
241040010	3	0	1
241040010	3	0	1
241040010	1	1	0
241040010	3	0	0
241040010	1	1	1
241040010	3	0	0
241040010	2	1	0
241040010	3	0	0
241040010	3	0	0
241040010	4	0	1
241040010	1	1	0
241040010	4	0	1
241040010	2	1	0
241040010	3	0	0
241040010	3	0	0
241040010	1	1	1
241040010	2	1	1
241040010	1	1	1
241040010	2	1	0
241040010	4	0	0
241040010	4	0	0
241040010	4	0	1
241040010	1	1	1
241040010	2	1	0
241040010	1	1	1
241040010	1	1	1
241040010	2	1	0
241040010	1	1	0
241040010	2	1	0
241040010	1	1	1
241040010	1	1	1
241040010	1	1	0
241040010	4	0	1
241040010	3	0	1
241040010	3	0	0
241040010	1	1	1
241040010	4	0	1
241280001	3	1	-1
241280001	3	0	0
241280001	1	1	1
241280001	1	1	1
241280001	1	1	1
241280001	3	0	0
241280001	2	1	0
241280001	1	1	1
241280001	2	1	0
241280001	2	1	0
241280001	3	0	0
241280001	3	0	0
241280001	4	0	1
241280001	2	1	0
241280001	3	0	0
241280001	2	1	0
241280001	1	1	1
241280001	1	1	0
241280001	1	1	1
241280001	3	0	0
241280001	3	0	0
241280001	1	1	1
241280001	3	0	0
241280001	3	0	0
241280001	1	1	1
241280001	1	1	1
241280001	3	0	0
241280001	3	0	1
241280001	1	1	1
241280001	1	1	1
241280001	3	0	0
241280001	4	1	0
241280001	3	0	0
241280001	3	0	1
241280001	3	0	0
241280001	3	0	0
241280001	1	1	1
241280001	4	0	1
241280001	1	1	1
241280001	3	0	1
241280001	3	0	0
241280001	1	1	1
241280001	1	1	0
241280001	3	0	0
241280001	3	0	0
241280001	2	1	0
241280001	3	0	0
241280001	3	0	0
241280001	3	0	0
241280001	1	1	1
241280001	1	1	0
241280001	2	1	0
241280001	4	0	1
241280001	3	0	0
241280001	2	1	0
241280001	1	1	0
241280001	4	0	1
241280001	4	0	0
241280001	1	1	1
241280001	4	0	0
241280001	1	1	1
241280001	1	1	1
241280001	2	1	0
241280001	1	1	1
241280001	3	0	0
241280001	1	1	1
241280001	3	0	1
241280001	1	1	1
241280001	2	1	1
241280001	2	1	1
241280001	3	0	0
241280001	1	1	0
241280001	4	0	1
241280001	4	0	1
241280001	4	0	1
241280001	1	1	1
241280001	3	0	0
241280001	2	1	0
241280001	3	0	0
241280001	4	0	1
241280001	3	0	0
241280001	1	1	1
241280001	1	1	1
241280001	4	1	0
241280001	1	1	1
241280001	2	1	0
241280001	1	1	1
241280001	1	1	1
241280001	2	1	0
241280001	4	0	0
241280001	1	1	1
241280001	4	0	1
241280001	1	1	1
241280001	3	0	1
241280001	2	1	1
241280001	4	1	-1
241280001	1	1	1
241280001	3	0	1
241280001	3	0	0
241280001	3	0	1
