subjID	cue	keyPressed	outcome
23871	4	1	0
23871	4	1	0
23871	4	1	-1
23871	4	1	0
23871	4	1	0
23871	4	1	-1
23871	4	1	0
23871	4	1	-1
23871	4	1	0
23871	4	1	0
23871	4	1	0
23871	4	1	0
23871	4	1	0
23871	4	1	0
23871	4	1	0
23871	4	0	1
23871	4	1	-1
23871	4	1	0
23871	4	1	0
23871	4	1	0
23871	4	0	1
23871	4	1	-1
23871	4	0	1
23871	4	1	0
23871	4	0	0
210050	4	1	-1
210050	4	1	0
210050	4	1	0
210050	4	1	0
210050	4	1	-1
210050	4	1	0
210050	4	1	-1
210050	4	1	0
210050	4	1	0
210050	4	1	-1
210050	4	1	0
210050	4	1	-1
210050	4	1	0
210050	4	1	0
210050	4	0	1
210050	4	1	0
210050	4	1	-1
210050	4	0	0
210050	4	1	0
210050	4	1	0
210347	4	0	1
210347	4	0	1
210347	4	1	0
210347	4	1	0
210347	4	1	0
210347	4	1	0
210347	4	0	0
210347	4	1	0
210347	4	1	0
210347	4	1	0
210347	4	1	0
210347	4	1	0
210347	4	0	1
210347	4	0	1
210347	4	1	-1
210347	4	0	1
210347	4	0	1
210347	4	0	1
210347	4	0	0
210347	4	0	1
210460	4	1	0
210460	4	1	0
210460	4	0	1
210460	4	0	1
210460	4	0	1
210460	4	0	1
210460	4	0	1
210460	4	0	1
210460	4	0	1
210460	4	0	1
210460	4	0	1
210460	4	0	1
210460	4	0	1
210460	4	0	0
210460	4	0	1
210460	4	0	0
210460	4	0	1
210460	4	0	1
210460	4	0	0
210460	4	0	1
210460	4	0	1
210460	4	0	1
210460	4	0	1
210460	4	0	1
210460	4	0	1
210483	4	1	0
210483	4	1	0
210483	4	1	0
210483	4	1	-1
210483	4	1	-1
210483	4	1	0
210483	4	1	0
210483	4	1	0
210483	4	1	0
210483	4	1	0
210483	4	1	0
210483	4	1	0
210483	4	1	0
210483	4	1	-1
210483	4	1	-1
210483	4	1	0
210483	4	1	0
210483	4	0	1
210483	4	0	0
210483	4	0	1
220109	4	1	0
220109	4	1	0
220109	4	0	1
220109	4	1	0
220109	4	1	0
220109	4	1	0
220109	4	1	0
220109	4	1	0
220109	4	1	-1
220109	4	0	1
220109	4	1	0
220109	4	1	0
220109	4	1	0
220109	4	1	0
220109	4	0	1
220109	4	0	1
220109	4	0	1
220109	4	0	0
220109	4	0	0
220109	4	0	1
220218	4	1	0
220218	4	0	1
220218	4	1	0
220218	4	1	0
220218	4	1	-1
220218	4	1	0
220218	4	1	0
220218	4	0	1
220218	4	0	0
220218	4	1	-1
220218	4	0	1
220218	4	0	1
220218	4	0	1
220218	4	0	1
220218	4	0	0
220218	4	0	0
220218	4	0	1
220218	4	0	1
220218	4	1	0
220218	4	1	0
220218	4	0	1
220218	4	1	0
220218	4	0	1
220218	4	0	1
220218	4	1	0
220232	4	0	0
220232	4	1	0
220232	4	1	0
220232	4	1	0
220232	4	1	-1
220232	4	1	0
220232	4	1	0
220232	4	0	1
220232	4	0	1
220232	4	1	-1
220232	4	1	0
220232	4	0	0
220232	4	0	1
220232	4	0	1
220232	4	0	1
220232	4	1	0
220232	4	0	1
220232	4	1	0
220232	4	1	0
220232	4	1	0
220232	4	1	0
220232	4	1	0
220232	4	1	0
220232	4	1	-1
220232	4	0	0
220333	4	1	0
220333	4	1	0
220333	4	1	0
220333	4	1	0
220333	4	1	0
220333	4	1	0
220333	4	1	0
220333	4	1	0
220333	4	1	0
220333	4	1	0
220333	4	1	0
220333	4	1	0
220333	4	1	0
220333	4	1	0
220333	4	1	0
220333	4	1	0
220333	4	1	0
220333	4	1	0
220333	4	1	0
220333	4	1	-1
220333	4	1	0
220333	4	1	0
220333	4	1	0
220333	4	1	0
220333	4	1	0
220413	4	0	1
220413	4	0	1
220413	4	0	1
220413	4	0	1
220413	4	0	1
220413	4	0	0
220413	4	0	0
220413	4	0	1
220413	4	0	0
220413	4	0	1
220413	4	0	1
220413	4	0	1
220413	4	0	1
220413	4	0	1
220413	4	0	1
220413	4	0	1
220413	4	0	1
220413	4	0	1
220413	4	0	1
220413	4	0	1
220413	4	0	1
220413	4	0	0
220413	4	0	1
220413	4	0	1
220413	4	0	0
220519	4	1	-1
220519	4	1	0
220519	4	1	0
220519	4	1	0
220519	4	1	-1
220519	4	1	0
220519	4	1	0
220519	4	1	-1
220519	4	1	0
220519	4	1	0
220519	4	1	0
220519	4	1	0
220519	4	1	0
220519	4	1	0
220519	4	1	-1
220519	4	1	0
220519	4	1	0
220519	4	1	0
220519	4	1	0
220519	4	1	-1
220705	4	1	0
220705	4	1	-1
220705	4	1	0
220705	4	1	0
220705	4	1	0
220705	4	1	-1
220705	4	1	0
220705	4	1	0
220705	4	1	-1
220705	4	1	0
220705	4	1	0
220705	4	1	0
220705	4	1	0
220705	4	1	0
220705	4	1	0
220705	4	0	0
220705	4	1	0
220705	4	1	-1
220705	4	1	0
220705	4	1	0
220705	4	1	0
220705	4	1	0
220705	4	0	1
220705	4	1	0
220705	4	1	0
220867	4	0	1
220867	4	0	1
220867	4	0	1
220867	4	0	1
220867	4	1	0
220867	4	1	0
220867	4	0	1
220867	4	0	1
220867	4	0	0
220867	4	0	0
220867	4	1	0
220867	4	1	0
220867	4	1	0
220867	4	1	0
220867	4	1	0
220867	4	1	0
220867	4	1	0
220867	4	1	0
220867	4	0	1
220867	4	0	1
220867	4	1	0
220867	4	1	0
220867	4	1	0
220867	4	1	0
220867	4	1	0
220867	4	1	0
220867	4	0	1
220867	4	0	1
220867	4	0	1
220867	4	0	1
220867	4	0	1
220867	4	0	1
220867	4	1	0
220867	4	1	0
220867	4	0	1
220867	4	0	1
220867	4	0	1
220867	4	0	1
220867	4	0	0
220867	4	0	0
220867	4	0	1
220867	4	0	1
220867	4	0	0
220867	4	0	0
220867	4	0	1
220867	4	0	1
220867	4	0	1
220867	4	0	1
220867	4	0	1
220867	4	0	1
220910	4	0	1
220910	4	0	0
220910	4	0	1
220910	4	0	1
220910	4	0	1
220910	4	0	1
220910	4	0	1
220910	4	0	1
220910	4	0	1
220910	4	0	1
220910	4	0	1
220910	4	0	0
220910	4	0	0
220910	4	0	1
220910	4	0	1
220910	4	0	1
220910	4	0	1
220910	4	0	1
220910	4	0	1
220910	4	0	1
220910	4	0	1
220910	4	0	1
220910	4	1	-1
220910	4	0	1
220910	4	0	1
220933	4	0	1
220933	4	0	1
220933	4	0	1
220933	4	0	1
220933	4	0	1
220933	4	0	1
220933	4	0	1
220933	4	0	1
220933	4	0	1
220933	4	0	1
220933	4	0	0
220933	4	0	0
220933	4	0	0
220933	4	1	-1
220933	4	0	1
220933	4	0	0
220933	4	0	0
220933	4	0	1
220933	4	0	0
220933	4	0	1
221013	4	0	1
221013	4	0	1
221013	4	1	0
221013	4	1	0
221013	4	1	-1
221013	4	1	-1
221013	4	1	0
221013	4	1	0
221013	4	0	1
221013	4	1	0
221013	4	1	0
221013	4	0	1
221013	4	1	0
221013	4	1	0
221013	4	1	0
221013	4	1	0
221013	4	1	0
221013	4	1	-1
221013	4	1	0
221013	4	0	1
221067	4	1	0
221067	4	0	1
221067	4	1	0
221067	4	1	0
221067	4	1	0
221067	4	1	0
221067	4	1	0
221067	4	0	1
221067	4	0	1
221067	4	0	1
221067	4	0	0
221067	4	1	0
221067	4	0	1
221067	4	0	0
221067	4	1	-1
221067	4	0	1
221067	4	1	0
221067	4	1	0
221067	4	1	-1
221067	4	1	0
221151	4	1	0
221151	4	0	1
221151	4	1	-1
221151	4	0	1
221151	4	0	1
221151	4	0	1
221151	4	0	1
221151	4	0	1
221151	4	0	1
221151	4	0	1
221151	4	0	0
221151	4	0	1
221151	4	0	1
221151	4	0	1
221151	4	0	0
221151	4	0	1
221151	4	0	1
221151	4	0	1
221151	4	0	1
221151	4	0	1
230118	4	1	0
230118	4	1	-1
230118	4	1	0
230118	4	1	0
230118	4	1	0
230118	4	1	0
230118	4	1	-1
230118	4	1	0
230118	4	1	0
230118	4	1	-1
230118	4	1	-1
230118	4	1	0
230118	4	1	0
230118	4	1	0
230118	4	1	-1
230118	4	1	0
230118	4	1	0
230118	4	1	0
230118	4	1	0
230118	4	1	0
230118	4	1	0
230118	4	1	0
230118	4	1	0
230118	4	1	-1
230118	4	1	0
230227	4	0	1
230227	4	0	0
230227	4	0	0
230227	4	0	1
230227	4	0	1
230227	4	0	1
230227	4	0	1
230227	4	0	1
230227	4	0	1
230227	4	0	1
230227	4	0	1
230227	4	0	1
230227	4	0	1
230227	4	0	1
230227	4	0	1
230227	4	0	1
230227	4	0	1
230227	4	0	1
230227	4	0	0
230227	4	0	0
230227	4	0	0
230227	4	0	0
230227	4	0	1
230227	4	0	0
230227	4	0	1
230555	4	1	0
230555	4	1	0
230555	4	1	-1
230555	4	1	0
230555	4	1	-1
230555	4	1	-1
230555	4	1	0
230555	4	1	-1
230555	4	1	-1
230555	4	1	0
230555	4	1	0
230555	4	1	0
230555	4	1	-1
230555	4	1	0
230555	4	1	0
230555	4	1	0
230555	4	0	0
230555	4	1	0
230555	4	1	0
230555	4	1	-1
230555	4	1	0
230555	4	1	0
230555	4	1	0
230555	4	1	0
230555	4	1	0
230791	4	1	-1
230791	4	1	0
230791	4	1	0
230791	4	1	-1
230791	4	1	0
230791	4	1	0
230791	4	1	0
230791	4	1	0
230791	4	1	0
230791	4	1	0
230791	4	1	0
230791	4	1	-1
230791	4	1	0
230791	4	1	0
230791	4	1	0
230791	4	1	0
230791	4	1	0
230791	4	1	-1
230791	4	0	1
230791	4	0	1
230791	4	1	0
230791	4	0	1
230791	4	1	-1
230791	4	1	0
230791	4	1	0
231016	4	1	0
231016	4	1	-1
231016	4	1	-1
231016	4	1	0
231016	4	1	0
231016	4	1	0
231016	4	0	1
231016	4	1	0
231016	4	0	1
231016	4	1	0
231016	4	1	-1
231016	4	1	0
231016	4	1	0
231016	4	1	-1
231016	4	1	0
231016	4	1	0
231016	4	1	0
231016	4	1	0
231016	4	1	-1
231016	4	1	0
231016	4	0	1
231016	4	1	-1
231016	4	1	0
231016	4	1	-1
231016	4	1	-1
231146	4	1	-1
231146	4	1	0
231146	4	1	0
231146	4	1	0
231146	4	1	0
231146	4	1	0
231146	4	1	-1
231146	4	1	-1
231146	4	1	0
231146	4	1	0
231146	4	1	0
231146	4	1	0
231146	4	1	0
231146	4	1	-1
231146	4	1	-1
231146	4	1	0
231146	4	1	0
231146	4	1	-1
231146	4	1	0
231146	4	1	0
231146	4	1	0
231146	4	1	0
231146	4	1	-1
231146	4	1	-1
231146	4	1	0
240135	4	0	0
240135	4	0	1
240135	4	0	0
240135	4	0	1
240135	4	0	1
240135	4	0	1
240135	4	0	1
240135	4	0	1
240135	4	0	1
240135	4	0	1
240135	4	0	1
240135	4	0	1
240135	4	0	1
240135	4	0	1
240135	4	0	0
240135	4	0	1
240135	4	0	0
240135	4	0	0
240135	4	0	1
240135	4	0	1
240135	4	0	0
240135	4	0	1
240135	4	0	1
240135	4	0	0
240135	4	0	1
240231	4	0	0
240231	4	0	1
240231	4	0	1
240231	4	0	1
240231	4	0	1
240231	4	0	1
240231	4	0	1
240231	4	0	1
240231	4	0	1
240231	4	0	1
240231	4	0	1
240231	4	0	1
240231	4	0	1
240231	4	1	0
240231	4	0	1
240231	4	1	0
240231	4	0	1
240231	4	0	1
240231	4	0	1
240231	4	0	1
240231	4	0	1
240231	4	0	1
240231	4	0	1
240231	4	0	1
240231	4	0	1
240360	4	0	1
240360	4	0	0
240360	4	0	0
240360	4	0	1
240360	4	0	1
240360	4	0	1
240360	4	0	1
240360	4	0	1
240360	4	0	1
240360	4	0	1
240360	4	0	1
240360	4	0	1
240360	4	0	1
240360	4	0	1
240360	4	0	1
240360	4	0	1
240360	4	0	1
240360	4	0	1
240360	4	0	1
240360	4	0	0
240558	4	0	1
240558	4	1	0
240558	4	0	1
240558	4	0	1
240558	4	1	0
240558	4	1	0
240558	4	1	0
240558	4	1	0
240558	4	1	-1
240558	4	1	-1
240558	4	1	-1
240558	4	0	0
240558	4	0	0
240558	4	1	-1
240558	4	1	0
240558	4	1	0
240558	4	1	0
240558	4	1	0
240558	4	1	0
240558	4	1	0
240558	4	1	0
240558	4	0	1
240558	4	1	0
240558	4	0	1
240558	4	0	1
240997	4	0	1
240997	4	0	1
240997	4	0	1
240997	4	0	1
240997	4	0	1
240997	4	0	1
240997	4	0	0
240997	4	0	0
240997	4	0	1
240997	4	0	1
240997	4	0	1
240997	4	0	1
240997	4	1	0
240997	4	0	1
240997	4	0	1
240997	4	0	1
240997	4	0	1
240997	4	0	1
240997	4	0	1
240997	4	0	1
241014	4	0	1
241014	4	1	0
241014	4	0	1
241014	4	1	-1
241014	4	1	0
241014	4	1	0
241014	4	1	0
241014	4	1	0
241014	4	1	0
241014	4	1	-1
241014	4	1	0
241014	4	0	1
241014	4	0	1
241014	4	0	1
241014	4	0	1
241014	4	0	1
241014	4	0	0
241014	4	0	1
241014	4	0	1
241014	4	1	-1
241039	4	1	0
241039	4	0	0
241039	4	0	1
241039	4	1	0
241039	4	0	0
241039	4	1	-1
241039	4	0	1
241039	4	1	0
241039	4	1	-1
241039	4	1	0
241039	4	1	0
241039	4	1	-1
241039	4	0	1
241039	4	1	0
241039	4	1	-1
241039	4	0	1
241039	4	1	-1
241039	4	1	0
241039	4	1	0
241039	4	1	0
241039	4	1	0
241039	4	1	0
241039	4	1	0
241039	4	0	1
241039	4	1	0
241064	4	0	0
241064	4	0	0
241064	4	1	0
241064	4	0	1
241064	4	0	0
241064	4	0	1
241064	4	0	0
241064	4	0	1
241064	4	0	1
241064	4	0	1
241064	4	0	1
241064	4	0	1
241064	4	0	1
241064	4	0	0
241064	4	1	0
241064	4	0	1
241064	4	0	1
241064	4	0	1
241064	4	0	1
241064	4	0	1
21111404	4	0	0
21111404	4	0	1
21111404	4	0	1
21111404	4	0	1
21111404	4	0	0
21111404	4	0	1
21111404	4	0	0
21111404	4	0	1
21111404	4	0	1
21111404	4	0	1
21111404	4	0	1
21111404	4	0	1
21111404	4	0	1
21111404	4	0	1
21111404	4	0	1
21111404	4	0	1
21111404	4	0	1
21111404	4	0	1
21111404	4	0	1
21111404	4	0	0
21111404	4	0	1
21111404	4	0	1
21111404	4	0	1
21111404	4	0	1
21111404	4	0	0
231080107	4	1	0
231080107	4	1	0
231080107	4	1	0
231080107	4	1	0
231080107	4	1	0
231080107	4	1	0
231080107	4	1	0
231080107	4	1	0
231080107	4	1	0
231080107	4	0	1
231080107	4	1	0
231080107	4	1	-1
231080107	4	1	-1
231080107	4	0	1
231080107	4	1	0
231080107	4	1	0
231080107	4	1	-1
231080107	4	1	0
231080107	4	1	0
231080107	4	1	0
231080108	4	0	1
231080108	4	0	1
231080108	4	0	1
231080108	4	1	-1
231080108	4	0	1
231080108	4	0	0
231080108	4	1	0
231080108	4	1	0
231080108	4	0	1
231080108	4	1	-1
231080108	4	1	0
231080108	4	1	0
231080108	4	0	1
231080108	4	1	0
231080108	4	1	0
231080108	4	1	0
231080108	4	1	0
231080108	4	0	1
231080108	4	1	0
231080108	4	0	1
231080108	4	1	-1
231080108	4	0	1
231080108	4	0	1
231080108	4	1	0
231080108	4	1	0
241010405	4	1	-1
241010405	4	1	-1
241010405	4	1	0
241010405	4	1	0
241010405	4	1	-1
241010405	4	1	0
241010405	4	1	0
241010405	4	1	0
241010405	4	1	0
241010405	4	1	0
241010405	4	1	0
241010405	4	1	0
241010405	4	1	0
241010405	4	1	-1
241010405	4	1	-1
241010405	4	1	0
241010405	4	1	0
241010405	4	1	0
241010405	4	1	0
241010405	4	1	0
241010405	4	1	-1
241010405	4	1	0
241010405	4	1	0
241010405	4	1	0
241010405	4	0	1
241030014	4	1	0
241030014	4	0	1
241030014	4	0	1
241030014	4	0	1
241030014	4	0	0
241030014	4	0	1
241030014	4	0	1
241030014	4	0	1
241030014	4	0	1
241030014	4	0	1
241030014	4	1	0
241030014	4	0	1
241030014	4	0	1
241030014	4	0	1
241030014	4	1	-1
241030014	4	0	1
241030014	4	1	0
241030014	4	0	0
241030014	4	0	0
241030014	4	0	1
241030014	4	0	1
241030014	4	0	1
241030014	4	0	0
241030014	4	0	1
241030014	4	0	1
241040010	4	0	0
241040010	4	0	1
241040010	4	0	1
241040010	4	1	0
241040010	4	0	1
241040010	4	0	1
241040010	4	0	1
241040010	4	0	0
241040010	4	0	1
241040010	4	1	-1
241040010	4	0	1
241040010	4	0	1
241040010	4	0	1
241040010	4	0	1
241040010	4	0	1
241040010	4	0	1
241040010	4	0	1
241040010	4	0	0
241040010	4	0	1
241040010	4	0	1
241040010	4	1	0
241040010	4	0	1
241040010	4	0	1
241040010	4	0	1
241040010	4	0	1
241280001	4	0	0
241280001	4	1	0
241280001	4	1	0
241280001	4	1	-1
241280001	4	0	1
241280001	4	0	1
241280001	4	0	0
241280001	4	0	1
241280001	4	0	1
241280001	4	0	0
241280001	4	0	1
241280001	4	0	1
241280001	4	0	0
241280001	4	0	1
241280001	4	0	0
241280001	4	0	0
241280001	4	0	1
241280001	4	0	1
241280001	4	0	1
241280001	4	0	1
241280001	4	0	1
241280001	4	1	0
241280001	4	0	1
241280001	4	0	0
241280001	4	0	1
