subjID	cue	keyPressed	outcome
210241	4	1	0
210241	4	0	1
210241	4	0	0
210241	4	0	1
210241	4	0	0
210241	4	0	1
210241	4	0	1
210241	4	0	0
210241	4	0	1
210241	4	0	1
210241	4	0	1
210241	4	0	0
210241	4	0	1
210241	4	0	0
210241	4	0	1
210241	4	0	0
210241	4	0	0
210241	4	0	1
210241	4	0	1
210241	4	0	1
210306	4	1	0
210306	4	0	1
210306	4	0	1
210306	4	1	-1
210306	4	1	0
210306	4	1	-1
210306	4	0	1
210306	4	1	0
210306	4	1	0
210306	4	0	1
210306	4	0	1
210306	4	1	0
210306	4	0	1
210306	4	1	0
210306	4	1	0
210306	4	1	0
210306	4	0	1
210306	4	0	1
210306	4	1	0
210306	4	0	0
210311	4	0	1
210311	4	0	1
210311	4	1	-1
210311	4	0	0
210311	4	0	1
210311	4	0	1
210311	4	0	1
210311	4	0	1
210311	4	0	1
210311	4	0	1
210311	4	0	1
210311	4	0	1
210311	4	0	1
210311	4	0	1
210311	4	0	1
210311	4	0	1
210311	4	0	1
210311	4	0	1
210311	4	0	1
210311	4	0	1
210578	4	1	0
210578	4	1	0
210578	4	1	0
210578	4	1	0
210578	4	1	0
210578	4	1	0
210578	4	1	0
210578	4	1	0
210578	4	1	0
210578	4	1	0
210578	4	1	0
210578	4	1	0
210578	4	1	0
210578	4	1	0
210578	4	0	1
210578	4	0	1
210578	4	0	1
210578	4	0	1
210578	4	0	0
210578	4	0	0
210578	4	0	1
210578	4	0	1
210578	4	0	1
210578	4	0	1
210578	4	0	1
210578	4	0	1
210578	4	0	0
210578	4	0	0
210578	4	0	1
210578	4	0	1
210578	4	0	1
210578	4	0	1
210578	4	0	1
210578	4	0	1
210578	4	0	1
210578	4	0	1
210578	4	0	1
210578	4	0	1
210578	4	0	1
210578	4	0	1
210578	4	1	0
210578	4	1	0
210578	4	1	0
210578	4	1	0
210578	4	1	-1
210578	4	1	-1
210578	4	0	1
210578	4	0	1
210578	4	0	0
210578	4	0	0
210916	4	1	0
210916	4	1	0
210916	4	1	0
210916	4	1	0
210916	4	1	0
210916	4	1	0
210916	4	1	-1
210916	4	1	0
210916	4	1	0
210916	4	1	0
210916	4	1	0
210916	4	1	0
210916	4	1	-1
210916	4	1	0
210916	4	1	-1
210916	4	1	0
210916	4	1	-1
210916	4	1	-1
210916	4	1	0
210916	4	1	0
210931	4	1	0
210931	4	0	1
210931	4	0	1
210931	4	0	1
210931	4	1	0
210931	4	1	-1
210931	4	1	0
210931	4	1	-1
210931	4	0	1
210931	4	0	1
210931	4	0	1
210931	4	0	1
210931	4	0	1
210931	4	0	1
210931	4	0	1
210931	4	0	1
210931	4	0	0
210931	4	0	1
210931	4	1	0
210931	4	0	1
210931	4	0	1
210931	4	0	1
210931	4	0	1
210931	4	0	1
210931	4	0	1
211169	4	1	0
211169	4	0	1
211169	4	1	0
211169	4	1	0
211169	4	0	1
211169	4	1	0
211169	4	1	0
211169	4	1	0
211169	4	1	0
211169	4	1	-1
211169	4	1	-1
211169	4	1	0
211169	4	0	1
211169	4	0	1
211169	4	0	1
211169	4	0	1
211169	4	0	1
211169	4	0	0
211169	4	1	0
211169	4	1	0
211169	4	1	0
211169	4	0	1
211169	4	0	0
211169	4	0	1
211169	4	0	1
220088	4	1	0
220088	4	0	1
220088	4	1	0
220088	4	1	-1
220088	4	0	1
220088	4	1	0
220088	4	1	0
220088	4	0	1
220088	4	0	1
220088	4	0	1
220088	4	0	1
220088	4	1	0
220088	4	1	0
220088	4	0	0
220088	4	0	1
220088	4	0	0
220088	4	0	1
220088	4	0	1
220088	4	1	0
220088	4	0	1
220245	4	1	0
220245	4	1	0
220245	4	1	0
220245	4	1	0
220245	4	1	0
220245	4	1	0
220245	4	1	-1
220245	4	1	0
220245	4	1	0
220245	4	1	0
220245	4	1	-1
220245	4	1	0
220245	4	1	-1
220245	4	1	0
220245	4	1	0
220245	4	1	0
220245	4	1	0
220245	4	1	0
220245	4	1	0
220245	4	1	0
220317	4	1	-1
220317	4	1	-1
220317	4	1	0
220317	4	1	-1
220317	4	1	0
220317	4	1	0
220317	4	1	0
220317	4	1	0
220317	4	1	0
220317	4	1	0
220317	4	1	-1
220317	4	1	0
220317	4	1	0
220317	4	1	0
220317	4	1	0
220317	4	1	0
220317	4	1	0
220317	4	1	0
220317	4	1	-1
220317	4	1	0
220328	4	1	0
220328	4	1	-1
220328	4	1	0
220328	4	1	0
220328	4	0	1
220328	4	0	1
220328	4	1	0
220328	4	1	-1
220328	4	0	1
220328	4	0	1
220328	4	1	0
220328	4	1	-1
220328	4	1	0
220328	4	1	0
220328	4	0	1
220328	4	0	1
220328	4	1	0
220328	4	1	0
220328	4	1	0
220328	4	1	0
220352	4	1	0
220352	4	1	0
220352	4	0	1
220352	4	1	0
220352	4	1	0
220352	4	1	-1
220352	4	1	0
220352	4	0	1
220352	4	1	0
220352	4	1	-1
220352	4	1	0
220352	4	1	0
220352	4	0	1
220352	4	1	0
220352	4	0	1
220352	4	0	0
220352	4	1	0
220352	4	0	1
220352	4	0	1
220352	4	0	1
220352	4	0	0
220352	4	0	0
220352	4	1	0
220352	4	1	0
220352	4	0	1
220493	4	0	1
220493	4	0	0
220493	4	1	0
220493	4	0	1
220493	4	1	0
220493	4	0	1
220493	4	0	1
220493	4	1	0
220493	4	1	-1
220493	4	0	1
220493	4	0	1
220493	4	1	-1
220493	4	1	0
220493	4	0	1
220493	4	1	-1
220493	4	1	-1
220493	4	0	1
220493	4	0	1
220493	4	1	0
220493	4	0	1
220493	4	0	1
220493	4	1	-1
220493	4	0	1
220493	4	1	-1
220493	4	0	1
220500	4	0	1
220500	4	0	1
220500	4	1	0
220500	4	1	0
220500	4	0	1
220500	4	1	0
220500	4	0	1
220500	4	1	0
220500	4	0	1
220500	4	1	0
220500	4	1	0
220500	4	1	0
220500	4	1	0
220500	4	0	0
220500	4	1	0
220500	4	1	0
220500	4	1	-1
220500	4	1	0
220500	4	1	0
220500	4	1	0
220550	4	0	1
220550	4	0	1
220550	4	1	0
220550	4	1	0
220550	4	1	0
220550	4	1	-1
220550	4	1	0
220550	4	1	0
220550	4	1	0
220550	4	1	-1
220550	4	1	0
220550	4	1	0
220550	4	1	0
220550	4	1	-1
220550	4	1	-1
220550	4	1	0
220550	4	1	0
220550	4	0	1
220550	4	1	-1
220550	4	1	0
220583	4	1	0
220583	4	1	0
220583	4	0	1
220583	4	0	0
220583	4	1	0
220583	4	0	1
220583	4	0	1
220583	4	0	1
220583	4	1	-1
220583	4	0	1
220583	4	0	1
220583	4	0	0
220583	4	0	1
220583	4	0	1
220583	4	1	0
220583	4	0	1
220583	4	0	1
220583	4	0	0
220583	4	0	1
220583	4	0	1
220583	4	1	0
220583	4	0	1
220583	4	0	0
220583	4	1	0
220583	4	0	1
220613	4	0	1
220613	4	1	0
220613	4	0	1
220613	4	1	0
220613	4	1	-1
220613	4	1	0
220613	4	0	1
220613	4	1	0
220613	4	1	0
220613	4	1	0
220613	4	0	1
220613	4	1	0
220613	4	1	-1
220613	4	0	1
220613	4	1	0
220613	4	0	1
220613	4	1	0
220613	4	1	0
220613	4	1	0
220613	4	1	0
220961	4	0	1
220961	4	0	1
220961	4	0	1
220961	4	0	1
220961	4	0	0
220961	4	0	1
220961	4	0	1
220961	4	0	1
220961	4	0	1
220961	4	0	1
220961	4	0	0
220961	4	0	1
220961	4	0	1
220961	4	0	1
220961	4	0	1
220961	4	0	1
220961	4	0	1
220961	4	0	0
220961	4	1	0
220961	4	0	1
221140	4	1	-1
221140	4	1	-1
221140	4	1	0
221140	4	1	0
221140	4	1	0
221140	4	1	0
221140	4	1	0
221140	4	1	0
221140	4	1	0
221140	4	1	0
221140	4	1	0
221140	4	1	-1
221140	4	1	0
221140	4	1	0
221140	4	1	0
221140	4	1	0
221140	4	1	-1
221140	4	1	-1
221140	4	0	1
221140	4	0	1
221140	4	1	0
221140	4	0	1
221140	4	1	0
221140	4	1	0
221140	4	1	-1
221217	4	1	0
221217	4	1	0
221217	4	1	0
221217	4	1	0
221217	4	1	0
221217	4	1	0
221217	4	1	0
221217	4	1	0
221217	4	0	1
221217	4	0	1
221217	4	0	1
221217	4	0	1
221217	4	0	1
221217	4	0	0
221217	4	1	0
221217	4	0	1
221217	4	0	0
221217	4	0	1
221217	4	0	1
221217	4	1	0
230081	4	1	0
230081	4	1	0
230081	4	1	0
230081	4	1	0
230081	4	1	0
230081	4	1	0
230081	4	1	0
230081	4	1	-1
230081	4	0	1
230081	4	1	0
230081	4	1	0
230081	4	0	0
230081	4	1	0
230081	4	1	0
230081	4	0	1
230081	4	0	0
230081	4	1	0
230081	4	1	0
230081	4	1	0
230081	4	1	0
230081	4	1	0
230081	4	1	0
230081	4	1	0
230081	4	0	1
230081	4	0	1
240070	4	0	1
240070	4	1	0
240070	4	0	1
240070	4	0	0
240070	4	0	1
240070	4	1	0
240070	4	1	0
240070	4	1	0
240070	4	0	1
240070	4	1	-1
240070	4	1	-1
240070	4	1	0
240070	4	1	0
240070	4	0	1
240070	4	0	1
240070	4	0	1
240070	4	1	0
240070	4	0	1
240070	4	1	-1
240070	4	1	0
240070	4	1	-1
240070	4	1	-1
240070	4	1	0
240070	4	1	0
240070	4	1	0
240084	4	0	1
240084	4	0	0
240084	4	0	1
240084	4	0	1
240084	4	1	0
240084	4	0	1
240084	4	0	1
240084	4	0	1
240084	4	0	0
240084	4	0	1
240084	4	1	0
240084	4	1	0
240084	4	1	0
240084	4	1	-1
240084	4	0	1
240084	4	0	1
240084	4	0	1
240084	4	0	1
240084	4	1	-1
240084	4	0	1
240084	4	0	0
240084	4	0	1
240084	4	0	1
240084	4	0	0
240084	4	0	1
240134	4	1	0
240134	4	1	0
240134	4	1	0
240134	4	1	0
240134	4	1	0
240134	4	0	1
240134	4	0	1
240134	4	1	0
240134	4	0	1
240134	4	1	-1
240134	4	0	1
240134	4	0	1
240134	4	0	0
240134	4	0	1
240134	4	0	1
240134	4	0	1
240134	4	1	0
240134	4	1	-1
240134	4	0	1
240134	4	1	0
240134	4	0	1
240134	4	1	0
240134	4	0	1
240134	4	1	0
240134	4	1	0
240917	4	1	-1
240917	4	1	-1
240917	4	0	1
240917	4	0	1
240917	4	1	0
240917	4	1	0
240917	4	1	0
240917	4	1	0
240917	4	0	1
240917	4	0	1
240917	4	1	0
240917	4	1	0
240917	4	1	-1
240917	4	1	-1
240917	4	0	1
240917	4	0	1
240917	4	1	0
240917	4	1	0
240917	4	0	1
240917	4	0	1
240917	4	0	1
240917	4	0	1
240917	4	0	0
240917	4	0	0
240917	4	1	0
240917	4	1	0
240917	4	0	1
240917	4	0	1
240917	4	1	0
240917	4	1	0
240917	4	1	0
240917	4	1	0
240917	4	0	1
240917	4	0	1
240917	4	0	1
240917	4	0	1
240917	4	1	0
240917	4	1	0
240917	4	1	0
240917	4	1	0
241023	4	0	1
241023	4	0	1
241023	4	0	0
241023	4	0	1
241023	4	0	1
241023	4	0	1
241023	4	0	1
241023	4	0	1
241023	4	0	1
241023	4	0	0
241023	4	0	1
241023	4	0	1
241023	4	0	1
241023	4	0	1
241023	4	0	0
241023	4	0	0
241023	4	0	1
241023	4	0	1
241023	4	0	1
241023	4	0	1
241023	4	0	1
241023	4	0	1
241023	4	0	1
241023	4	0	1
241023	4	0	1
241064	4	0	0
241064	4	0	0
241064	4	1	0
241064	4	0	1
241064	4	0	0
241064	4	0	1
241064	4	0	0
241064	4	0	1
241064	4	0	1
241064	4	0	1
241064	4	0	1
241064	4	0	1
241064	4	0	1
241064	4	0	0
241064	4	1	0
241064	4	0	1
241064	4	0	1
241064	4	0	1
241064	4	0	1
241064	4	0	1
241135	4	0	1
241135	4	1	0
241135	4	1	0
241135	4	1	-1
241135	4	1	0
241135	4	0	1
241135	4	1	-1
241135	4	1	0
241135	4	1	0
241135	4	1	0
241135	4	1	-1
241135	4	1	0
241135	4	1	0
241135	4	1	0
241135	4	1	0
241135	4	1	0
241135	4	1	0
241135	4	1	-1
241135	4	0	1
241135	4	1	0
18111273	4	0	1
18111273	4	0	1
18111273	4	0	1
18111273	4	0	1
18111273	4	0	1
18111273	4	0	1
18111273	4	0	1
18111273	4	0	1
18111273	4	0	1
18111273	4	0	1
18111273	4	0	1
18111273	4	0	1
18111273	4	0	0
18111273	4	0	0
18111273	4	0	0
18111273	4	0	1
18111273	4	0	1
18111273	4	0	0
18111273	4	0	1
18111273	4	0	1
231080028	4	1	0
231080028	4	1	0
231080028	4	1	0
231080028	4	1	0
231080028	4	1	0
231080028	4	1	0
231080028	4	1	0
231080028	4	1	0
231080028	4	1	-1
231080028	4	1	0
231080028	4	1	-1
231080028	4	1	-1
231080028	4	1	0
231080028	4	1	0
231080028	4	1	0
231080028	4	1	0
231080028	4	1	0
231080028	4	1	0
231080028	4	1	-1
231080028	4	1	0
231280001	4	0	1
231280001	4	0	0
231280001	4	0	1
231280001	4	0	1
231280001	4	0	1
231280001	4	1	0
231280001	4	0	0
231280001	4	1	0
231280001	4	1	0
231280001	4	0	1
231280001	4	0	1
231280001	4	0	1
231280001	4	0	0
231280001	4	0	1
231280001	4	0	0
231280001	4	0	1
231280001	4	0	1
231280001	4	0	1
231280001	4	0	1
231280001	4	0	1
231280001	4	0	1
231280001	4	0	1
231280001	4	0	0
231280001	4	0	1
231280001	4	0	0
241120603	4	0	1
241120603	4	0	1
241120603	4	1	0
241120603	4	1	0
241120603	4	0	1
241120603	4	0	1
241120603	4	0	0
241120603	4	0	1
241120603	4	0	1
241120603	4	0	0
241120603	4	0	0
241120603	4	0	0
241120603	4	1	-1
241120603	4	1	0
241120603	4	0	1
241120603	4	1	0
241120603	4	0	1
241120603	4	0	1
241120603	4	0	1
241120603	4	0	1
241120603	4	0	1
241120603	4	1	-1
241120603	4	0	1
241120603	4	0	1
241120603	4	0	1
241140602	4	1	0
241140602	4	0	1
241140602	4	0	0
241140602	4	0	1
241140602	4	0	1
241140602	4	0	1
241140602	4	0	0
241140602	4	0	1
241140602	4	0	1
241140602	4	0	1
241140602	4	0	1
241140602	4	0	1
241140602	4	0	1
241140602	4	0	1
241140602	4	0	1
241140602	4	0	1
241140602	4	0	1
241140602	4	0	0
241140602	4	0	0
241140602	4	0	1
241310002	4	1	0
241310002	4	0	1
241310002	4	0	1
241310002	4	1	0
241310002	4	0	1
241310002	4	1	0
241310002	4	1	0
241310002	4	1	0
241310002	4	0	1
241310002	4	0	1
241310002	4	1	-1
241310002	4	0	0
241310002	4	1	-1
241310002	4	1	0
241310002	4	1	-1
241310002	4	0	1
241310002	4	1	0
241310002	4	1	-1
241310002	4	0	1
241310002	4	1	0
241310002	4	1	-1
241310002	4	1	0
241310002	4	1	-1
241310002	4	0	1
241310002	4	1	0
241310005	4	1	-1
241310005	4	1	-1
241310005	4	1	-1
241310005	4	0	1
241310005	4	0	0
241310005	4	0	1
241310005	4	0	1
241310005	4	0	1
241310005	4	0	1
241310005	4	0	0
241310005	4	0	0
241310005	4	0	0
241310005	4	0	1
241310005	4	0	0
241310005	4	0	0
241310005	4	0	1
241310005	4	0	1
241310005	4	0	1
241310005	4	0	0
241310005	4	0	1
241310005	4	0	1
241310005	4	0	1
241310005	4	0	1
241310005	4	0	1
241310005	4	0	1
